Coefficients: 10.205 -0.245 195.01
1864 4169 3868 3207 
2178 1865 3984 1321 

Coefficients: 10.21 -0.24 195.01999999999998
1869 4144 3868 3196 
2177 1865 3983 1322 

Coefficients: 10.215000000000002 -0.235 195.02999999999997
1870 4144 3868 3197 
2176 1881 3983 1331 

Coefficients: 10.220000000000002 -0.22999999999999998 195.03999999999996
1873 4119 3869 3191 
2175 1899 3982 1340 

Coefficients: 10.225000000000003 -0.22499999999999998 195.04999999999995
1875 4119 3869 3191 
2174 1899 3982 1340 

Coefficients: 10.230000000000004 -0.21999999999999997 195.05999999999995
1879 4089 3869 3177 
2174 1909 3981 1347 

Coefficients: 10.235000000000005 -0.21499999999999997 195.06999999999994
1879 4089 3869 3177 
2172 1909 3981 1348 

Coefficients: 10.240000000000006 -0.20999999999999996 195.07999999999993
1879 4061 3869 3161 
2172 1923 3980 1354 

Coefficients: 10.245000000000006 -0.20499999999999996 195.08999999999992
1882 4061 3869 3162 
2172 1923 3979 1354 

Coefficients: 10.250000000000007 -0.19999999999999996 195.0999999999999
1885 4031 3869 3149 
2171 1935 3978 1363 

Coefficients: 10.255000000000008 -0.19499999999999995 195.1099999999999
1886 4031 3869 3150 
2168 1935 3976 1367 

Coefficients: 10.260000000000009 -0.18999999999999995 195.1199999999999
1893 4006 3870 3143 
2168 1952 3975 1378 

Coefficients: 10.26500000000001 -0.18499999999999994 195.12999999999988
1897 4006 3872 3146 
2167 1952 3975 1378 

Coefficients: 10.27000000000001 -0.17999999999999994 195.13999999999987
1898 3983 3872 3136 
2166 1961 3975 1384 

Coefficients: 10.275000000000011 -0.17499999999999993 195.14999999999986
1899 3983 3872 3136 
2165 1961 3975 1384 

Coefficients: 10.280000000000012 -0.16999999999999993 195.15999999999985
1900 3946 3873 3116 
2164 1981 3975 1394 

Coefficients: 10.285000000000013 -0.16499999999999992 195.16999999999985
1900 3946 3874 3116 
2162 1981 3974 1397 

Coefficients: 10.290000000000013 -0.15999999999999992 195.17999999999984
1901 3909 3875 3097 
2160 1998 3973 1406 

Coefficients: 10.295000000000014 -0.15499999999999992 195.18999999999983
1902 3909 3876 3098 
2159 1998 3972 1407 

Coefficients: 10.300000000000015 -0.1499999999999999 195.19999999999982
1903 3867 3876 3074 
2156 2016 3971 1419 

Coefficients: 10.305000000000016 -0.1449999999999999 195.2099999999998
1906 3867 3876 3076 
2154 2016 3971 1420 

Coefficients: 10.310000000000016 -0.1399999999999999 195.2199999999998
1907 3836 3876 3063 
2151 2028 3971 1432 

Coefficients: 10.315000000000017 -0.1349999999999999 195.2299999999998
1908 3836 3877 3063 
2151 2028 3971 1432 

Coefficients: 10.320000000000018 -0.1299999999999999 195.23999999999978
1912 3808 3878 3050 
2150 2043 3971 1440 

Coefficients: 10.325000000000019 -0.12499999999999989 195.24999999999977
1913 3808 3882 3052 
2148 2043 3971 1441 

Coefficients: 10.33000000000002 -0.11999999999999988 195.25999999999976
1920 3776 3882 3041 
2145 2058 3970 1447 

Coefficients: 10.33500000000002 -0.11499999999999988 195.26999999999975
1921 3776 3883 3042 
2144 2058 3970 1447 

Coefficients: 10.340000000000021 -0.10999999999999988 195.27999999999975
1922 3738 3884 3027 
2143 2073 3970 1454 

Coefficients: 10.345000000000022 -0.10499999999999987 195.28999999999974
1923 3738 3888 3030 
2142 2073 3970 1455 

Coefficients: 10.350000000000023 -0.09999999999999987 195.29999999999973
1926 3701 3888 3012 
2141 2086 3970 1466 

Coefficients: 10.355000000000024 -0.09499999999999986 195.30999999999972
1926 3701 3888 3012 
2139 2086 3970 1468 

Coefficients: 10.360000000000024 -0.08999999999999986 195.3199999999997
1927 3668 3889 2999 
2137 2103 3970 1479 

Coefficients: 10.365000000000025 -0.08499999999999985 195.3299999999997
1928 3668 3890 2999 
2137 2103 3968 1480 

Coefficients: 10.370000000000026 -0.07999999999999985 195.3399999999997
1930 3638 3890 2985 
2135 2114 3968 1484 

Coefficients: 10.375000000000027 -0.07499999999999984 195.34999999999968
1932 3638 3890 2985 
2133 2114 3968 1485 

Coefficients: 10.380000000000027 -0.06999999999999984 195.35999999999967
1934 3611 3890 2974 
2131 2128 3968 1491 

Coefficients: 10.385000000000028 -0.06499999999999984 195.36999999999966
1935 3611 3890 2974 
2129 2128 3968 1491 

Coefficients: 10.390000000000029 -0.05999999999999984 195.37999999999965
1936 3585 3890 2967 
2127 2141 3968 1497 

Coefficients: 10.39500000000003 -0.05499999999999984 195.38999999999965
1937 3585 3891 2968 
2125 2141 3967 1497 

Coefficients: 10.40000000000003 -0.04999999999999984 195.39999999999964
1941 3556 3891 2959 
2123 2160 3967 1510 

Coefficients: 10.405000000000031 -0.044999999999999846 195.40999999999963
1945 3556 3892 2963 
2122 2160 3964 1512 

Coefficients: 10.410000000000032 -0.03999999999999985 195.41999999999962
1945 3528 3893 2948 
2120 2177 3964 1523 

Coefficients: 10.415000000000033 -0.03499999999999985 195.4299999999996
1946 3528 3895 2949 
2119 2177 3963 1523 

Coefficients: 10.420000000000034 -0.02999999999999985 195.4399999999996
1948 3500 3896 2937 
2117 2195 3962 1533 

Coefficients: 10.425000000000034 -0.02499999999999985 195.4499999999996
1949 3500 3898 2939 
2114 2195 3962 1534 

Coefficients: 10.430000000000035 -0.019999999999999848 195.45999999999958
1951 3469 3898 2922 
2114 2211 3962 1541 

Coefficients: 10.435000000000036 -0.014999999999999847 195.46999999999957
1951 3469 3898 2922 
2112 2211 3962 1541 

Coefficients: 10.440000000000037 -0.009999999999999846 195.47999999999956
1952 3441 3898 2910 
2111 2228 3962 1552 

Coefficients: 10.445000000000038 -0.004999999999999846 195.48999999999955
1955 3441 3898 2912 
2111 2228 3962 1552 

Coefficients: 10.450000000000038 1.5439038936193583e-16 195.49999999999955
1957 3406 3900 2899 
2110 2239 3962 1559 

Coefficients: 10.45500000000004 0.0050000000000001545 195.50999999999954
1958 3406 3900 2899 
2108 2239 3962 1560 

Coefficients: 10.46000000000004 0.010000000000000155 195.51999999999953
1958 3379 3901 2889 
2106 2248 3962 1567 

Coefficients: 10.46500000000004 0.015000000000000156 195.52999999999952
1961 3379 3901 2889 
2103 2248 3961 1567 

Coefficients: 10.470000000000041 0.020000000000000157 195.5399999999995
1963 3347 3902 2871 
2102 2260 3961 1578 

Coefficients: 10.475000000000042 0.025000000000000158 195.5499999999995
1963 3347 3903 2871 
2102 2260 3961 1578 

Coefficients: 10.480000000000043 0.03000000000000016 195.5599999999995
1964 3311 3903 2854 
2101 2279 3961 1592 

Coefficients: 10.485000000000044 0.035000000000000156 195.56999999999948
1966 3311 3903 2856 
2097 2279 3960 1593 

Coefficients: 10.490000000000045 0.040000000000000153 195.57999999999947
1969 3286 3904 2842 
2095 2295 3960 1607 

Coefficients: 10.495000000000045 0.04500000000000015 195.58999999999946
1971 3286 3905 2843 
2094 2295 3960 1607 

Coefficients: 10.500000000000046 0.05000000000000015 195.59999999999945
1971 3261 3905 2830 
2094 2316 3960 1618 

Coefficients: 10.505000000000047 0.055000000000000146 195.60999999999945
1972 3261 3907 2832 
2094 2316 3960 1618 

Coefficients: 10.510000000000048 0.060000000000000143 195.61999999999944
1972 3232 3907 2824 
2093 2340 3959 1630 

Coefficients: 10.515000000000049 0.06500000000000014 195.62999999999943
1976 3232 3907 2827 
2091 2340 3958 1631 

Coefficients: 10.52000000000005 0.07000000000000015 195.63999999999942
1977 3203 3907 2813 
2091 2362 3958 1642 

Coefficients: 10.52500000000005 0.07500000000000015 195.6499999999994
1978 3203 3907 2813 
2091 2362 3957 1643 

Coefficients: 10.53000000000005 0.08000000000000015 195.6599999999994
1979 3174 3907 2801 
2087 2375 3957 1650 

Coefficients: 10.535000000000052 0.08500000000000016 195.6699999999994
1985 3174 3907 2807 
2086 2375 3957 1651 

Coefficients: 10.540000000000052 0.09000000000000016 195.67999999999938
1987 3146 3907 2795 
2082 2393 3957 1665 

Coefficients: 10.545000000000053 0.09500000000000017 195.68999999999937
1989 3146 3908 2797 
2082 2393 3957 1665 

Coefficients: 10.550000000000054 0.10000000000000017 195.69999999999936
1991 3125 3908 2791 
2080 2411 3957 1678 

Coefficients: 10.555000000000055 0.10500000000000018 195.70999999999935
1994 3125 3909 2792 
2077 2411 3957 1679 

Coefficients: 10.560000000000056 0.11000000000000018 195.71999999999935
1997 3091 3910 2779 
2077 2427 3956 1683 

Coefficients: 10.565000000000056 0.11500000000000019 195.72999999999934
1997 3091 3911 2780 
2076 2427 3956 1683 

Coefficients: 10.570000000000057 0.12000000000000019 195.73999999999933
1999 3063 3913 2776 
2073 2437 3956 1690 

Coefficients: 10.575000000000058 0.1250000000000002 195.74999999999932
2000 3063 3914 2777 
2073 2437 3956 1690 

Coefficients: 10.580000000000059 0.1300000000000002 195.7599999999993
2003 3029 3916 2765 
2071 2452 3956 1702 

Coefficients: 10.58500000000006 0.1350000000000002 195.7699999999993
2005 3029 3917 2766 
2067 2452 3956 1704 

Coefficients: 10.59000000000006 0.1400000000000002 195.7799999999993
2006 3007 3917 2756 
2064 2472 3954 1715 

Coefficients: 10.595000000000061 0.1450000000000002 195.78999999999928
2010 3007 3917 2756 
2064 2472 3954 1715 

Coefficients: 10.600000000000062 0.15000000000000022 195.79999999999927
2012 2984 3917 2747 
2062 2485 3954 1722 

Coefficients: 10.605000000000063 0.15500000000000022 195.80999999999926
2014 2984 3917 2749 
2057 2485 3953 1723 

Coefficients: 10.610000000000063 0.16000000000000023 195.81999999999925
2015 2956 3917 2743 
2055 2497 3953 1730 

Coefficients: 10.615000000000064 0.16500000000000023 195.82999999999925
2017 2956 3917 2745 
2054 2497 3952 1731 

Coefficients: 10.620000000000065 0.17000000000000023 195.83999999999924
2017 2925 3918 2732 
2054 2506 3952 1736 

Coefficients: 10.625000000000066 0.17500000000000024 195.84999999999923
2018 2925 3918 2732 
2053 2506 3950 1737 

Coefficients: 10.630000000000067 0.18000000000000024 195.85999999999922
2019 2896 3918 2719 
2051 2519 3950 1745 

Coefficients: 10.635000000000067 0.18500000000000025 195.8699999999992
2021 2896 3918 2719 
2049 2519 3950 1746 

Coefficients: 10.640000000000068 0.19000000000000025 195.8799999999992
2022 2864 3918 2706 
2048 2531 3949 1753 

Coefficients: 10.645000000000069 0.19500000000000026 195.8899999999992
2022 2864 3919 2706 
2046 2531 3949 1755 

Coefficients: 10.65000000000007 0.20000000000000026 195.89999999999918
2025 2833 3919 2692 
2043 2542 3949 1762 

Coefficients: 10.65500000000007 0.20500000000000027 195.90999999999917
2026 2833 3920 2693 
2041 2542 3949 1762 

Coefficients: 10.660000000000071 0.21000000000000027 195.91999999999916
2028 2809 3921 2679 
2041 2558 3948 1772 

Coefficients: 10.665000000000072 0.21500000000000027 195.92999999999915
2031 2809 3922 2682 
2039 2558 3948 1773 

Coefficients: 10.670000000000073 0.22000000000000028 195.93999999999915
2032 2786 3922 2674 
2039 2570 3948 1779 

Coefficients: 10.675000000000074 0.22500000000000028 195.94999999999914
2032 2786 3922 2674 
2039 2570 3947 1779 

Coefficients: 10.680000000000074 0.2300000000000003 195.95999999999913
2034 2757 3923 2662 
2038 2578 3947 1785 

Coefficients: 10.685000000000075 0.2350000000000003 195.96999999999912
2035 2757 3925 2662 
2035 2578 3946 1787 

Coefficients: 10.690000000000076 0.2400000000000003 195.9799999999991
2036 2731 3925 2649 
2034 2594 3944 1796 

Coefficients: 10.695000000000077 0.2450000000000003 195.9899999999991
2036 2731 3927 2650 
2034 2594 3944 1796 

Coefficients: 10.700000000000077 0.2500000000000003 195.9999999999991
2040 2705 3928 2644 
2034 2605 3944 1805 

Coefficients: 10.705000000000078 0.2550000000000003 196.00999999999908
2040 2705 3928 2644 
2028 2605 3944 1808 

Coefficients: 10.710000000000079 0.2600000000000003 196.01999999999907
2041 2684 3928 2633 
2024 2624 3942 1824 

Coefficients: 10.71500000000008 0.2650000000000003 196.02999999999906
2042 2684 3928 2633 
2023 2624 3942 1824 

Coefficients: 10.72000000000008 0.2700000000000003 196.03999999999905
2044 2661 3928 2629 
2023 2637 3942 1833 

Coefficients: 10.725000000000081 0.2750000000000003 196.04999999999905
2046 2661 3929 2629 
2019 2637 3942 1834 

Coefficients: 10.730000000000082 0.2800000000000003 196.05999999999904
2047 2629 3930 2621 
2019 2651 3942 1842 

Coefficients: 10.735000000000083 0.2850000000000003 196.06999999999903
2047 2629 3931 2621 
2016 2651 3942 1844 

Coefficients: 10.740000000000084 0.2900000000000003 196.07999999999902
2048 2601 3931 2604 
2014 2666 3942 1853 

Coefficients: 10.745000000000084 0.2950000000000003 196.089999999999
2051 2601 3931 2606 
2013 2666 3941 1854 

Coefficients: 10.750000000000085 0.3000000000000003 196.099999999999
2054 2577 3931 2600 
2010 2674 3941 1862 

Coefficients: 10.755000000000086 0.3050000000000003 196.109999999999
2056 2577 3932 2601 
2008 2674 3940 1864 

Coefficients: 10.760000000000087 0.31000000000000033 196.11999999999898
2059 2555 3934 2597 
2007 2688 3939 1872 

Coefficients: 10.765000000000088 0.31500000000000034 196.12999999999897
2063 2555 3935 2600 
2005 2688 3939 1872 

Coefficients: 10.770000000000088 0.32000000000000034 196.13999999999896
2063 2530 3935 2587 
2005 2707 3939 1884 

Coefficients: 10.77500000000009 0.32500000000000034 196.14999999999895
2066 2530 3935 2588 
2005 2707 3938 1884 

Coefficients: 10.78000000000009 0.33000000000000035 196.15999999999894
2067 2498 3939 2574 
2005 2725 3938 1892 

Coefficients: 10.78500000000009 0.33500000000000035 196.16999999999894
2067 2498 3939 2574 
2002 2725 3937 1894 

Coefficients: 10.790000000000092 0.34000000000000036 196.17999999999893
2068 2464 3939 2559 
1998 2735 3936 1903 

Coefficients: 10.795000000000092 0.34500000000000036 196.18999999999892
2070 2464 3942 2561 
1993 2735 3936 1906 

Coefficients: 10.800000000000093 0.35000000000000037 196.1999999999989
2071 2437 3942 2549 
1990 2747 3936 1913 

Coefficients: 10.805000000000094 0.35500000000000037 196.2099999999989
2073 2437 3942 2551 
1985 2747 3935 1914 

Coefficients: 10.810000000000095 0.3600000000000004 196.2199999999989
2073 2418 3942 2544 
1984 2756 3933 1920 

Coefficients: 10.815000000000095 0.3650000000000004 196.22999999999888
2073 2418 3943 2544 
1984 2756 3931 1922 

Coefficients: 10.820000000000096 0.3700000000000004 196.23999999999887
2073 2392 3943 2535 
1984 2767 3931 1930 

Coefficients: 10.825000000000097 0.3750000000000004 196.24999999999886
2075 2392 3943 2537 
1983 2767 3930 1931 

Coefficients: 10.830000000000098 0.3800000000000004 196.25999999999885
2076 2360 3944 2524 
1980 2779 3930 1938 

Coefficients: 10.835000000000099 0.3850000000000004 196.26999999999884
2078 2360 3945 2525 
1979 2779 3930 1939 

Coefficients: 10.8400000000001 0.3900000000000004 196.27999999999884
2080 2331 3945 2517 
1977 2789 3930 1946 

Coefficients: 10.8450000000001 0.3950000000000004 196.28999999999883
2085 2331 3947 2520 
1976 2789 3929 1946 

Coefficients: 10.850000000000101 0.4000000000000004 196.29999999999882
2089 2305 3947 2504 
1975 2806 3929 1955 

Coefficients: 10.855000000000102 0.4050000000000004 196.3099999999988
2091 2305 3948 2506 
1972 2806 3928 1956 

Coefficients: 10.860000000000102 0.4100000000000004 196.3199999999988
2093 2283 3948 2499 
1970 2817 3928 1963 

Coefficients: 10.865000000000103 0.4150000000000004 196.3299999999988
2096 2283 3948 2501 
1970 2817 3927 1964 

Coefficients: 10.870000000000104 0.42000000000000043 196.33999999999878
2099 2261 3948 2499 
1968 2823 3926 1969 

Coefficients: 10.875000000000105 0.42500000000000043 196.34999999999877
2101 2261 3948 2501 
1967 2823 3926 1969 

Coefficients: 10.880000000000106 0.43000000000000044 196.35999999999876
2101 2227 3948 2487 
1964 2834 3925 1976 

Coefficients: 10.885000000000106 0.43500000000000044 196.36999999999875
2103 2227 3949 2490 
1961 2834 3924 1977 

Coefficients: 10.890000000000107 0.44000000000000045 196.37999999999874
2104 2197 3949 2478 
1959 2845 3924 1985 

Coefficients: 10.895000000000108 0.44500000000000045 196.38999999999874
2104 2197 3949 2478 
1956 2845 3923 1987 

Coefficients: 10.900000000000109 0.45000000000000046 196.39999999999873
2106 2174 3949 2475 
1954 2860 3923 1995 

Coefficients: 10.90500000000011 0.45500000000000046 196.40999999999872
2107 2174 3949 2476 
1949 2860 3923 1998 

Coefficients: 10.91000000000011 0.46000000000000046 196.4199999999987
2110 2152 3949 2470 
1949 2875 3923 2005 

Coefficients: 10.915000000000111 0.46500000000000047 196.4299999999987
2112 2152 3949 2470 
1947 2875 3923 2006 

Coefficients: 10.920000000000112 0.4700000000000005 196.4399999999987
2113 2134 3951 2464 
1944 2889 3922 2019 

Coefficients: 10.925000000000113 0.4750000000000005 196.44999999999868
2114 2134 3951 2465 
1944 2889 3918 2020 

Coefficients: 10.930000000000113 0.4800000000000005 196.45999999999867
2115 2116 3951 2455 
1943 2896 3918 2025 

Coefficients: 10.935000000000114 0.4850000000000005 196.46999999999866
2116 2116 3951 2455 
1943 2896 3917 2025 

Coefficients: 10.940000000000115 0.4900000000000005 196.47999999999865
2120 2086 3951 2444 
1942 2907 3917 2032 

Coefficients: 10.945000000000116 0.4950000000000005 196.48999999999864
2121 2086 3952 2445 
1940 2907 3917 2034 

Coefficients: 10.950000000000117 0.5000000000000004 196.49999999999864
2122 2059 3953 2433 
1940 2922 3915 2044 

Coefficients: 10.955000000000117 0.5050000000000004 196.50999999999863
2122 2059 3953 2433 
1935 2922 3915 2046 

Coefficients: 10.960000000000118 0.5100000000000005 196.51999999999862
2123 2043 3953 2423 
1935 2934 3914 2052 

Coefficients: 10.965000000000119 0.5150000000000005 196.5299999999986
2123 2043 3953 2423 
1933 2934 3914 2052 

Coefficients: 10.97000000000012 0.5200000000000005 196.5399999999986
2123 2017 3953 2415 
1931 2942 3914 2057 

Coefficients: 10.97500000000012 0.5250000000000005 196.5499999999986
2123 2017 3955 2415 
1930 2942 3914 2058 

Coefficients: 10.980000000000121 0.5300000000000005 196.55999999999858
2124 1995 3957 2406 
1930 2957 3914 2063 

Coefficients: 10.985000000000122 0.5350000000000005 196.56999999999857
2124 1995 3958 2406 
1925 2957 3914 2067 

Coefficients: 10.990000000000123 0.5400000000000005 196.57999999999856
2125 1978 3958 2402 
1923 2963 3913 2073 

Coefficients: 10.995000000000124 0.5450000000000005 196.58999999999855
2125 1978 3959 2402 
1922 2963 3913 2073 

Coefficients: 11.000000000000124 0.5500000000000005 196.59999999999854
2128 1956 3960 2395 
1920 2970 3913 2078 

Coefficients: 11.005000000000125 0.5550000000000005 196.60999999999854
2128 1956 3960 2395 
1920 2970 3913 2078 

Coefficients: 11.010000000000126 0.5600000000000005 196.61999999999853
2131 1938 3960 2391 
1920 2981 3913 2085 

Coefficients: 11.015000000000127 0.5650000000000005 196.62999999999852
2133 1938 3960 2391 
1920 2981 3913 2085 

Coefficients: 11.020000000000127 0.5700000000000005 196.6399999999985
2135 1914 3961 2378 
1919 2991 3913 2093 

Coefficients: 11.025000000000128 0.5750000000000005 196.6499999999985
2137 1914 3961 2380 
1917 2991 3913 2093 

Coefficients: 11.030000000000129 0.5800000000000005 196.6599999999985
2137 1893 3962 2373 
1916 3004 3913 2100 

Coefficients: 11.03500000000013 0.5850000000000005 196.66999999999848
2138 1893 3962 2374 
1914 3004 3913 2101 

Coefficients: 11.04000000000013 0.5900000000000005 196.67999999999847
2139 1868 3962 2367 
1911 3014 3913 2106 

Coefficients: 11.045000000000131 0.5950000000000005 196.68999999999846
2141 1868 3964 2369 
1911 3014 3913 2106 

Coefficients: 11.050000000000132 0.6000000000000005 196.69999999999845
2142 1852 3967 2361 
1910 3028 3913 2120 

Coefficients: 11.055000000000133 0.6050000000000005 196.70999999999844
2144 1852 3967 2361 
1907 3028 3912 2121 

Coefficients: 11.060000000000134 0.6100000000000005 196.71999999999844
2144 1833 3967 2356 
1903 3038 3911 2131 

Coefficients: 11.065000000000135 0.6150000000000005 196.72999999999843
2146 1833 3968 2357 
1901 3038 3911 2132 

Coefficients: 11.070000000000135 0.6200000000000006 196.73999999999842
2147 1812 3968 2355 
1900 3052 3910 2140 

Coefficients: 11.075000000000136 0.6250000000000006 196.7499999999984
2148 1812 3968 2356 
1898 3052 3909 2141 

Coefficients: 11.080000000000137 0.6300000000000006 196.7599999999984
2151 1795 3970 2353 
1895 3063 3908 2150 

Coefficients: 11.085000000000138 0.6350000000000006 196.7699999999984
2153 1795 3972 2357 
1892 3063 3908 2152 

Coefficients: 11.090000000000138 0.6400000000000006 196.77999999999838
2154 1781 3972 2349 
1890 3077 3908 2160 

Coefficients: 11.09500000000014 0.6450000000000006 196.78999999999837
2157 1781 3972 2350 
1890 3077 3908 2160 

Coefficients: 11.10000000000014 0.6500000000000006 196.79999999999836
2160 1764 3972 2344 
1886 3092 3907 2173 

Coefficients: 11.10500000000014 0.6550000000000006 196.80999999999835
2160 1764 3972 2344 
1883 3092 3907 2175 

Coefficients: 11.110000000000142 0.6600000000000006 196.81999999999834
2161 1742 3972 2333 
1882 3100 3906 2180 

Coefficients: 11.115000000000142 0.6650000000000006 196.82999999999834
2163 1742 3975 2336 
1879 3100 3906 2180 

Coefficients: 11.120000000000143 0.6700000000000006 196.83999999999833
2163 1726 3976 2335 
1877 3112 3905 2187 

Coefficients: 11.125000000000144 0.6750000000000006 196.84999999999832
2165 1726 3976 2335 
1877 3112 3905 2187 

Coefficients: 11.130000000000145 0.6800000000000006 196.8599999999983
2167 1712 3977 2332 
1877 3122 3904 2192 

Coefficients: 11.135000000000145 0.6850000000000006 196.8699999999983
2171 1712 3977 2335 
1871 3122 3903 2197 

Coefficients: 11.140000000000146 0.6900000000000006 196.8799999999983
2175 1693 3978 2334 
1867 3134 3903 2206 

Coefficients: 11.145000000000147 0.6950000000000006 196.88999999999828
2179 1693 3979 2337 
1866 3134 3903 2206 

Coefficients: 11.150000000000148 0.7000000000000006 196.89999999999827
2182 1676 3979 2331 
1864 3145 3903 2212 

Coefficients: 11.155000000000149 0.7050000000000006 196.90999999999826
2185 1676 3981 2333 
1864 3145 3903 2212 

Coefficients: 11.16000000000015 0.7100000000000006 196.91999999999825
2186 1661 3983 2328 
1863 3155 3902 2220 

Coefficients: 11.16500000000015 0.7150000000000006 196.92999999999824
2187 1661 3985 2330 
1863 3155 3902 2220 

Coefficients: 11.170000000000151 0.7200000000000006 196.93999999999824
2189 1644 3985 2324 
1859 3165 3901 2229 

Coefficients: 11.175000000000152 0.7250000000000006 196.94999999999823
2190 1644 3987 2326 
1859 3165 3901 2229 

Coefficients: 11.180000000000152 0.7300000000000006 196.95999999999822
2192 1632 3988 2321 
1859 3169 3901 2232 

Coefficients: 11.185000000000153 0.7350000000000007 196.9699999999982
2195 1632 3989 2324 
1858 3169 3900 2232 

Coefficients: 11.190000000000154 0.7400000000000007 196.9799999999982
2197 1614 3989 2318 
1856 3174 3900 2233 

Coefficients: 11.195000000000155 0.7450000000000007 196.9899999999982
2198 1614 3990 2319 
1856 3174 3900 2233 

Coefficients: 11.200000000000156 0.7500000000000007 196.99999999999818
2199 1600 3990 2315 
1855 3186 3900 2241 

Coefficients: 11.205000000000156 0.7550000000000007 197.00999999999817
2199 1600 3990 2315 
1854 3186 3900 2242 

Coefficients: 11.210000000000157 0.7600000000000007 197.01999999999816
2201 1583 3991 2305 
1851 3195 3899 2251 

Coefficients: 11.215000000000158 0.7650000000000007 197.02999999999815
2205 1583 3991 2307 
1848 3195 3897 2254 

Coefficients: 11.220000000000159 0.7700000000000007 197.03999999999814
2209 1570 3991 2304 
1848 3207 3896 2265 

Coefficients: 11.22500000000016 0.7750000000000007 197.04999999999814
2211 1570 3993 2306 
1846 3207 3895 2266 

Coefficients: 11.23000000000016 0.7800000000000007 197.05999999999813
2213 1550 3994 2298 
1843 3217 3895 2271 

Coefficients: 11.235000000000161 0.7850000000000007 197.06999999999812
2216 1550 3995 2301 
1842 3217 3895 2272 

Coefficients: 11.240000000000162 0.7900000000000007 197.0799999999981
2217 1533 3997 2297 
1840 3228 3895 2280 

Coefficients: 11.245000000000163 0.7950000000000007 197.0899999999981
2220 1533 4000 2301 
1839 3228 3894 2282 

Coefficients: 11.250000000000163 0.8000000000000007 197.0999999999981
2220 1514 4001 2292 
1839 3238 3894 2290 

Coefficients: 11.255000000000164 0.8050000000000007 197.10999999999808
2222 1514 4001 2292 
1838 3238 3894 2290 

