0.27
0.0
-0.42
0.5
-0.14
0.34
0.45
0.04
0.51
-0.84
0.32
-0.75
0.32
0.37
-0.35
0.13
1.21
0.91
1.68
0.25
0.3
0.96
-0.54
0.26
1.44
0.95
0.74
0.43
1.99
0.71
0.34
0.5
0.97
0.74
0.51
0.82
0.64
1.1
0.05
0.21
1.27
0.29
0.18
0.36
0.97
0.64
0.06
1.16
0.18
-0.31
0.28
0.3
1.63
0.57
1.85
0.7
0.72
0.41
-0.03
0.02
0.36
0.93
0.43
0.6
-0.04
0.16
0.59
0.44
1.07
1.08
0.03
-0.08
-0.03
-0.03
0.47
0.38
0.74
0.72
-0.21
0.99
-0.12
0.22
0.93
0.35
0.04
-0.61
0.28
1.49
0.89
0.28
0.79
-0.44
0.25
0.9
0.5
-0.3
0.33
1.62
0.42
0.4
0.13
0.23
0.43
-0.01
0.49
0.9
0.36
2.34
-0.07
-0.01
-0.58
-0.52
0.18
1.37
-0.12
1.91
2.1
0.46
1.65
0.68
-0.15
0.05
0.06
-0.3
-0.57
1.18
0.02
0.95
0.62
0.95
-0.65
2.05
-0.16
-0.73
1.78
0.2
0.32
0.84
0.54
0.75
0.31
0.29
0.49
-0.26
-0.79
0.02
2.44
0.19
0.43
1.26
2.25
1.13
0.06
1.7
1.05
0.15
0.19
1.25
0.29
0.78
0.44
1.94
0.42
0.82
0.31
3.01
1.27
0.63
0.03
0.47
1.91
0.76
-0.17
0.42
0.18
-0.1
1.16
0.8
0.82
-0.17
0.78
0.33
0.2
-0.73
-0.63
-0.07
-0.35
-0.47
1.37
-0.08
0.87
0.48
-0.98
0.63
0.36
-0.61
0.41
-0.44
-0.43
-0.16
-0.86
-1.13
-0.38
-0.97
-0.59
1.8
0.22
-0.36
0.48
-0.21
1.63
0.79
-2.35
0.11
-0.47
-1.89
-0.14
0.28
0.92
-0.76
-0.68
-0.14
-0.88
0.27
0.54
-0.49
0.7
-1.13
-0.04
0.63
0.1
-2.61
-1.17
0.17
0.18
0.64
0.38
0.21
-0.53
-0.44
-0.58
0.22
-0.13
-1.1
-0.4
-0.57
-0.18
-0.16
-0.76
-1.19
0.11
-0.18
-0.24
-0.65
-0.56
3.89
1.68
-0.17
-0.55
0.29
-0.74
1.47
1.27
-0.26
-0.24
-0.75
-1.18
-1.3
1.46
-0.01
-0.44
-0.97
0.31
-0.41
-0.3
0.02
0.21
-0.78
-0.36
0.74
0.22
1.37
0.32
-1.07
-0.17
-1.47
-2.08
0.17
-1.24
0.12
-0.01
-0.31
-0.15
-2.07
0.8
0.5
0.8
-0.62
0.17
0.51
-0.91
-0.12
-0.66
0.11
0.05
0.4
2.07
0.76
-0.11
1.72
0.03
-0.18
0.08
-1.28
0.33
0.21
0.42
1.02
-0.48
0.44
0.29
-0.58
0.78
-0.8
0.65
1.06
-0.46
0.84
-0.35
0.12
0.33
-1.32
0.94
0.65
0.5
-0.55
-1.42
0.51
1.52
-1.43
-1.14
-0.03
0.39
0.91
0.95
-0.34
0.45
-0.25
0.56
0.37
-0.93
-0.05
-0.38
-0.6
-0.71
0.45
-0.28
0.37
-0.84
0.11
0.35
-0.58
-0.94
1.93
0.22
0.76
0.32
-0.29
0.85
0.39
-0.43
-0.69
-1.68
1.75
-0.59
-1.12
0.88
-0.76
-0.08
-0.97
-0.37
-0.48
0.41
0.96
0.52
-0.84
0.97
-0.47
0.14
-0.21
0.37
-0.85
-0.8
0.49
-1.08
-0.46
-1.33
-0.32
-1.38
-0.4
0.09
-0.2
0.21
-1.82
-0.58
-0.35
-1.07
0.48
0.03
-0.23
0.13
0.46
0.78
-1.32
-0.45
-0.25
-0.33
-0.35
0.66
0.96
-0.15
-0.58
-0.42
-0.18
1.02
0.88
-1.13
0.4
0.53
-0.32
-0.09
-0.5
-1.03
-0.71
-0.29
-0.41
-0.81
0.54
-0.04
-0.42
-1.54
-0.86
-0.2
0.3
0.28
0.08
-0.0
-0.18
0.3
0.58
0.43
-0.03
-0.15
-1.13
0.41
0.49
0.01
0.62
-0.68
-2.48
-0.27
-1.72
-0.08
-0.17
1.77
0.07
1.17
-0.77
-0.57
-0.04
-0.45
-0.88
-0.67
0.34
0.18
-0.7
-0.77
-0.6
-0.74
0.61
-0.06
-0.41
-0.89
0.28
-0.92
-0.15
0.2
0.04
-1.19
1.31
1.91
-0.66
0.32
0.58
0.6
1.47
-1.51
-0.08
0.12
-0.86
-1.3
-0.94
0.14
-0.43
0.13
-0.54
-0.05
1.63
0.13
0.73
-0.0
-0.58
-1.18
-0.5
-1.34
-0.1
-0.71
-0.82
0.98
1.46
1.7
0.38
-0.03
0.51
-0.62
0.23
1.81
1.51
1.35
1.27
-0.4
-0.15
0.13
0.29
0.04
0.02
0.58
0.97
-0.09
-0.8
-0.68
0.44
-1.19
-0.98
-0.2
-0.54
0.56
-0.44
-0.74
0.77
-1.1
-0.92
-1.57
0.08
-1.26
-0.21
-0.56
-0.36
-1.24
-0.49
0.44
-0.48
1.0
-0.0
0.11
-0.43
-0.13
0.3
-0.01
0.16
0.3
-0.29
-0.54
-0.38
0.4
-0.13
0.38
-0.15
0.16
0.09
-0.03
0.68
0.06
-0.9
0.12
-0.22
-0.68
0.21
0.04
-1.1
-1.24
0.72
-0.25
-0.83
-0.17
-0.5
-0.4
-0.3
-0.21
-0.54
-0.08
-0.58
-0.36
0.07
-0.43
-1.51
0.21
-2.06
-1.35
0.38
-1.18
-0.5
-1.0
-0.34
0.1
-2.72
0.52
-0.07
-0.79
-0.92
-0.37
-0.35
-0.45
0.33
0.08
-0.1
-0.04
0.37
-0.91
0.95
-0.02
-1.09
-0.15
-2.0
0.02
-1.12
-3.69
2.91
0.6
-1.78
0.89
-1.83
1.34
-0.87
1.72
-0.61
3.14
-1.68
-2.06
-0.72
-0.47
2.54
2.14
6.28
-0.69
1.87
-0.78
1.67
-1.09
-0.76
1.23
1.58
2.18
0.24
-0.93
0.5
1.09
0.19
-0.28
-0.24
-1.84
1.2
-0.42
-2.41
-1.11
1.06
-3.8
1.7
0.77
1.86
0.48
-1.74
-3.49
-5.2
4.32
-0.07
-1.08
-3.24
-3.22
3.2
0.85
-7.33
9.46
-2.86
-0.5
-0.29
-0.31
-0.13
-0.54
-1.05
-2.36
-1.44
-0.3
0.18
-0.49
-1.11
1.36
-1.51
-0.44
-0.06
0.45
-0.11
0.2
-0.08
-0.56
-0.8
-1.14
-0.36
-0.85
0.17
-0.41
-1.13
-0.23
-0.2
0.05
-0.08
-0.55
-0.24
0.07
-0.65
-0.72
0.2
-1.83
-0.47
-2.38
-0.97
0.18
-0.94
-0.17
-0.33
-0.65
-0.98
-0.52
0.07
-0.33
-1.17
-0.85
-0.29
-0.28
-0.43
-0.16
-0.15
-0.15
-0.6
-0.91
-0.58
-0.88
-0.42
-0.86
-0.48
-0.8
-0.9
-1.29
-0.86
0.48
-0.31
-0.46
-0.91
0.39
-0.49
-0.28
-0.81
1.24
-1.41
-0.65
-1.6
-1.16
-0.65
-0.75
-0.83
-1.31
-0.59
-0.9
-0.6
-0.89
-2.15
-1.08
-0.51
-0.74
-0.51
0.15
0.5
-0.52
-0.11
-0.48
-0.42
-0.76
-0.7
0.19
-0.12
-0.27
-0.69
-0.35
-1.15
-0.38
0.1
-1.31
-0.66
0.28
-1.11
-0.87
-0.09
-0.43
-1.85
-0.02
-0.32
0.39
-0.16
-1.31
-0.21
-1.48
-1.03
-0.05
0.22
-1.38
-0.25
-1.0
-0.37
-1.59
-0.83
-0.03
0.1
0.11
0.01
-1.1
-0.42
-0.93
-0.18
-0.56
-0.39
0.26
-0.29
-0.48
0.53
-0.89
-0.23
-0.18
0.52
0.26
-0.39
-0.58
-0.16
-0.06
-0.16
-0.27
-1.22
-0.78
-1.74
-0.37
-0.71
0.43
-0.22
-0.67
-0.55
0.53
-0.73
-0.76
-0.24
-0.15
-0.79
0.34
-0.11
-0.17
-0.5
-1.58
-0.5
0.42
-0.22
-0.06
-0.73
-1.25
0.42
-1.05
-0.01
-1.05
-0.57
-0.42
-0.56
0.72
-0.36
0.07
-1.13
-1.26
0.15
-0.09
0.29
0.15
-0.53
0.02
0.19
0.05
-0.24
-0.96
-0.2
0.73
-2.46
2.68
-0.71
0.18
-0.22
0.11
0.44
-0.93
1.42
1.08
-0.47
-0.08
1.46
1.69
-0.85
3.2
-0.53
0.09
0.4
-0.27
0.04
-1.13
0.82
0.89
1.02
-0.06
2.09
-0.18
-0.1
0.07
-1.18
-0.15
-0.9
-2.47
-1.98
1.22
-0.73
1.24
0.07
0.7
0.95
-0.37
-0.49
0.5
0.57
0.37
-0.69
0.6
-0.39
0.1
0.93
-1.13
-0.05
-0.4
-2.88
0.76
0.39
0.58
2.18
0.51
-2.15
1.33
-1.91
0.83
-0.34
-0.81
-0.32
0.09
1.17
0.96
1.66
1.32
-1.63
-2.24
0.87
-0.14
-1.02
0.67
0.83
-0.03
0.41
-0.02
-0.15
-0.39
-0.83
-1.06
0.4
-0.74
-0.68
1.03
-1.27
-2.47
-1.0
-0.33
-0.55
0.13
-1.05
0.25
-1.1
9.32
-3.95
-0.45
-0.39
-1.21
0.99
-1.87
-0.5
0.1
0.48
1.16
0.02
-0.87
-0.06
0.62
1.01
-0.89
0.37
-0.51
-0.59
-0.93
-1.15
-0.16
-2.79
-0.08
-0.53
-1.97
-0.79
-0.13
-0.58
-0.4
0.27
0.03
1.03
0.3
-0.81
0.56
1.24
0.7
-0.14
0.4
0.37
-0.55
0.55
-0.41
0.98
-0.15
-0.73
-0.15
-0.19
-0.23
-0.33
0.38
-0.67
-0.41
2.27
-0.68
-0.79
-0.63
-0.7
0.45
-0.27
-0.75
-0.45
0.34
0.05
0.03
0.02
-0.68
-0.52
-0.22
-0.21
-0.37
-1.6
-0.3
0.85
-1.56
-0.22
-0.11
0.44
0.25
-0.59
-0.65
-0.87
0.81
-1.15
-0.45
-0.09
-0.38
-0.62
-0.66
-0.38
0.33
-0.83
0.55
-0.52
-0.85
-0.78
-0.68
0.4
0.47
-0.43
-1.0
-0.39
0.04
-0.52
0.33
-0.42
-0.31
-0.25
-0.39
-0.16
-0.04
1.41
0.47
-0.1
-0.15
0.44
-1.08
-0.11
-0.93
-1.31
-0.24
0.02
1.22
-0.51
0.01
-1.97
0.09
1.6
-0.26
-0.58
-1.36
0.59
-0.66
-1.3
-0.68
-0.41
-0.4
0.4
0.19
-0.6
0.06
-1.21
2.14
-1.06
0.76
0.2
-0.14
0.79
0.89
-1.49
-0.2
-0.31
-1.31
0.15
1.51
0.0
-0.29
-1.27
-0.35
0.94
2.16
-7.57
-1.46
-0.61
-0.66
0.23
-1.44
-1.4
-1.08
-1.23
1.59
-0.32
0.69
0.61
-0.26
0.67
1.57
2.99
-0.39
-0.01
-1.91
0.41
-1.91
-0.02
-2.17
-0.47
-1.89
0.81
-1.12
-0.49
-0.49
-1.08
0.03
2.31
-1.1
-0.87
0.11
1.45
-1.0
-0.3
-1.61
-0.71
0.66
-0.43
-0.73
0.42
-0.23
1.0
1.17
0.66
0.69
0.18
-0.45
1.24
0.28
-1.98
-0.38
-0.21
1.36
2.54
0.7
-4.15
-0.91
2.2
0.47
-0.08
-0.01
1.13
0.58
-0.34
-1.7
-0.43
0.29
-1.28
-2.35
-0.55
0.76
-0.45
1.64
0.82
-0.92
1.53
1.51
1.25
-1.43
0.51
-2.62
0.72
0.98
-1.5
-2.24
0.48
-1.57
0.4
1.82
0.53
0.3
-1.6
1.0
-3.78
2.18
-0.9
0.85
-3.02
0.9
-1.9
0.18
-1.27
-0.02
3.0
-0.43
0.33
-0.33
0.61
0.24
-0.4
-0.65
-0.59
0.48
0.65
-1.03
-1.5
1.0
-1.18
-0.8
-0.35
0.7
1.37
0.83
-0.38
-0.45
0.72
0.37
0.17
0.72
0.81
-3.54
-2.02
-0.34
-0.99
0.55
-0.77
1.07
0.38
-0.1
0.75
0.31
0.34
-1.16
-2.27
-0.73
-0.3
0.48
-1.98
0.19
0.95
0.37
0.04
1.15
-1.87
0.89
0.08
-0.89
3.64
-1.52
-0.14
0.23
-0.59
1.89
-0.24
0.61
0.08
-0.46
-3.05
-0.36
0.08
-0.66
0.57
-0.03
-0.0
-2.11
0.44
0.53
-0.49
-2.0
-0.0
0.08
0.66
0.37
1.48
-1.46
-0.57
0.84
-0.11
-0.38
-0.26
0.01
0.45
1.02
0.12
0.05
0.37
0.01
1.15
0.02
-0.17
-1.09
-0.58
-0.29
-1.4
-0.63
-1.63
-1.4
0.02
1.14
0.43
-0.63
-0.93
-0.48
1.7
0.06
-0.04
-1.15
-1.04
-0.08
-1.11
0.26
-0.83
-0.38
-0.1
-0.67
-0.24
-0.07
-0.44
0.13
-0.02
0.57
-1.14
-1.11
-0.27
0.7
-0.48
-0.42
-0.65
-0.85
-0.43
-0.15
-0.78
-0.03
0.7
0.04
0.31
0.42
1.27
-3.78
-0.8
0.26
-0.15
0.33
-0.68
1.28
0.31
-0.41
-1.32
-0.15
2.31
-0.2
0.39
-0.39
0.34
-0.42
-0.06
-0.54
1.03
0.03
-0.42
-0.71
-1.03
-0.93
-0.52
-0.51
-1.26
2.78
-1.89
-1.83
-1.4
-0.29
-0.19
-0.27
-0.05
-0.15
-0.29
3.25
0.01
0.48
-2.69
0.08
-0.03
1.15
0.24
-0.31
-1.21
-0.29
-0.32
1.5
0.53
-2.47
-0.63
1.84
-0.74
0.71
0.35
-1.92
-1.3
0.49
0.41
-0.19
1.32
0.44
-0.76
-0.97
-0.24
-0.78
-0.55
0.8
-0.32
-0.56
-0.34
-0.01
-0.38
0.87
0.07
-0.49
-0.86
-0.04
-0.31
0.74
-2.85
-0.15
-0.27
-0.31
-0.32
0.58
-1.77
0.9
-0.83
-0.33
-0.1
0.04
-0.48
-0.14
0.27
0.26
-0.37
0.39
-2.16
-0.44
0.28
-1.08
-0.17
0.03
1.11
-0.94
-0.45
-2.58
-0.12
-0.68
-1.57
0.19
-0.32
-0.27
0.34
1.03
-0.26
-1.45
-0.42
0.03
-0.71
1.02
0.23
-0.86
-0.26
0.81
-0.66
-0.88
-1.96
0.14
-1.35
-0.17
-0.17
0.85
0.65
-0.26
-0.18
-1.09
-0.2
-1.59
-0.28
-1.11
0.46
-0.89
-0.49
0.98
-0.63
-2.33
0.05
-0.41
1.05
-1.82
0.51
-0.31
1.26
-0.08
-0.25
0.34
-0.98
-0.21
-1.05
-0.72
-0.12
1.61
-0.5
0.09
0.31
0.12
0.25
-0.48
-1.0
-0.19
-0.16
0.22
-0.19
-0.3
-0.04
0.57
-0.06
-0.53
-0.65
0.42
-0.3
-1.08
-0.82
-0.19
-1.7
-0.43
-0.38
1.2
0.12
0.8
-0.23
0.03
-1.16
-1.16
-0.44
0.27
-0.25
-0.46
0.15
-0.0
-0.17
-0.09
-0.33
-0.98
-0.16
-1.15
-0.06
0.18
-0.47
0.84
-0.09
0.83
-1.07
-0.17
-1.37
-1.55
0.59
-0.81
-2.28
0.19
-0.09
-0.53
-0.6
-0.22
0.18
-0.06
0.12
-0.19
-0.52
0.24
-0.11
-1.62
0.03
-0.21
0.17
0.36
0.34
0.24
-0.67
-0.06
0.42
0.14
0.4
0.67
-1.23
-0.98
-0.2
0.11
0.45
1.65
-0.35
-1.01
-0.87
0.05
0.07
0.5
-0.18
0.45
0.81
0.83
1.12
1.41
-0.03
0.01
0.88
0.2
0.01
-0.27
0.92
0.07
0.73
0.23
0.27
-0.32
0.46
-0.35
-0.86
0.93
0.52
1.14
-0.68
-0.01
0.14
-0.06
1.7
1.06
0.13
0.33
-0.28
0.78
0.16
0.61
0.23
0.32
-0.42
0.92
0.28
-0.21
0.19
2.06
0.18
-0.16
0.6
0.5
-0.39
0.58
0.75
0.46
0.1
0.52
0.39
-0.9
-0.22
-0.01
0.65
0.52
-0.0
1.28
-0.06
-0.86
0.58
-0.76
-0.0
0.54
-0.03
0.39
0.28
0.93
0.68
0.39
0.91
0.13
-0.56
0.12
0.84
0.35
0.32
-0.13
0.17
0.3
1.4
0.04
0.76
0.23
-0.43
-0.71
-0.67
0.69
0.61
0.11
-0.75
-1.73
-3.6
0.18
-0.13
-0.6
0.24
-0.44
0.55
0.97
-3.53
3.08
-0.11
2.33
-0.6
-0.46
-0.09
0.26
2.7
1.77
-1.66
-1.56
0.91
-0.13
0.82
0.04
-0.59
-0.89
-2.02
-0.91
-1.69
-1.12
1.43
-1.7
-3.68
-0.16
-1.68
-2.09
3.48
-0.85
-0.3
-0.52
-0.13
-1.84
-1.12
0.8
-0.08
-3.3
-0.42
1.06
-1.41
0.24
1.53
0.57
-1.39
-2.59
-0.78
-1.05
-1.18
-1.01
0.53
0.09
-1.42
1.32
2.82
0.17
-0.33
-1.29
-0.58
-2.61
1.4
-0.59
1.1
-0.12
-0.78
-0.28
0.28
2.37
0.87
1.65
3.23
0.51
-0.06
1.03
-0.98
-0.61
0.23
-0.76
-0.65
0.64
0.93
0.46
-1.74
-0.99
0.52
2.63
-0.08
-1.22
0.34
-0.48
-0.37
0.59
2.02
-3.48
1.25
2.77
-1.78
1.7
3.45
-1.13
-0.53
-0.01
3.09
-1.81
-1.48
-0.31
-0.97
2.09
2.33
-2.68
0.15
0.32
-0.57
-0.29
-1.14
0.34
-0.96
1.47
1.11
0.71
1.25
2.43
0.89
1.26
1.15
-0.26
1.06
1.9
-2.22
-0.31
-0.34
-0.2
0.44
-1.01
-1.72
0.34
1.78
-1.08
-0.12
-1.34
-0.29
-0.35
-1.26
-0.21
3.22
0.19
0.99
2.13
-0.51
1.28
1.38
-3.92
-1.19
-0.65
0.71
-0.8
2.84
0.38
0.17
-0.31
0.02
0.05
0.01
0.25
0.08
-0.62
0.74
0.45
0.79
1.09
0.58
-0.01
0.06
0.34
-0.23
0.96
0.91
0.43
0.13
0.37
0.55
-1.37
0.38
-0.75
-0.06
-0.4
0.39
-0.11
0.99
-0.06
0.57
-0.32
0.61
-0.16
-1.64
-0.97
-1.94
2.29
0.38
1.0
1.38
-0.68
0.01
0.61
0.56
-1.21
-0.2
0.34
0.14
0.09
-0.34
0.06
0.99
0.45
0.12
-0.03
-0.26
0.5
-0.08
-0.05
0.08
0.9
0.82
0.36
-0.25
0.49
1.62
0.13
0.01
0.16
1.21
-1.32
0.17
-0.05
0.38
-0.46
1.26
0.69
-0.16
0.37
0.69
0.99
-0.11
-0.61
0.68
0.03
-0.14
0.29
0.22
-0.32
-0.16
0.11
-0.25
0.33
0.13
0.03
0.03
0.42
0.27
0.89
0.13
0.03
1.33
0.38
0.25
0.12
0.2
0.52
0.5
0.5
0.09
0.07
0.49
0.81
0.05
-0.57
0.2
0.53
-0.29
0.54
0.09
0.11
-0.79
0.37
0.15
0.5
0.25
0.96
-0.38
0.33
-0.56
0.73
0.16
0.05
0.34
0.07
0.17
-0.1
-0.71
0.82
0.3
0.4
-0.88
0.8
0.04
2.86
-0.22
0.55
-0.29
-0.17
0.57
0.35
0.33
0.05
0.17
-0.1
0.75
0.45
0.13
-0.91
-0.87
0.59
-0.16
1.32
0.43
-0.23
0.92
-0.14
0.45
0.28
1.36
0.42
0.26
1.25
-0.42
0.36
2.58
-0.92
0.62
0.35
0.21
0.52
0.62
-0.34
-0.21
1.48
0.27
0.58
0.38
0.2
-0.07
0.2
-1.36
2.0
-0.75
0.42
0.6
-0.2
1.08
2.37
-4.83
0.07
-0.04
0.68
-0.02
-0.08
0.36
-0.12
1.77
1.07
0.44
0.44
0.52
0.39
0.43
0.0
0.37
-0.74
0.16
0.58
0.43
0.69
0.01
1.46
-0.66
0.69
1.09
-0.21
-0.13
0.2
-0.38
0.12
0.32
0.32
-0.0
0.3
-0.51
1.08
0.44
0.28
-0.6
-0.37
0.46
0.57
0.69
0.85
-0.31
0.05
0.53
-0.16
-1.27
0.1
0.2
-0.05
0.49
0.75
0.92
0.28
0.1
0.39
-0.01
0.16
0.3
0.52
0.87
0.82
-0.25
0.68
0.86
0.62
-0.42
0.1
0.16
1.0
0.42
0.61
0.46
0.85
-0.14
0.06
0.14
-0.31
-0.31
-0.71
-0.24
0.92
-0.48
-0.09
-0.63
0.67
0.47
-0.19
0.75
0.48
0.32
-1.4
-0.12
0.09
-0.07
0.39
1.11
0.43
-0.83
0.14
0.4
-0.93
1.47
0.68
0.23
0.23
-0.03
-0.46
0.24
1.59
-1.05
0.21
0.41
1.13
0.83
1.44
0.52
0.55
1.07
0.08
0.44
0.71
0.03
0.77
0.27
-0.65
0.91
0.09
-0.45
0.45
-0.3
-0.19
0.55
0.57
-0.01
0.11
0.13
0.47
0.56
0.25
-0.05
-0.2
-1.14
0.62
0.63
0.71
0.28
0.8
0.85
0.06
0.57
0.76
1.01
-0.02
0.24
0.61
-0.24
0.52
-0.22
-0.44
0.02
0.49
0.42
0.21
2.4
0.2
-0.59
0.32
-0.4
0.58
-0.56
-0.06
-0.17
1.37
0.97
-0.06
1.02
0.29
-0.05
-0.03
1.19
-0.16
0.84
0.19
0.19
-1.03
0.46
0.3
0.49
0.12
0.78
0.28
0.72
-0.19
0.63
-0.25
-0.11
1.11
-0.08
0.16
0.34
0.34
1.07
0.38
0.14
0.3
0.18
1.36
-0.53
0.79
-0.51
-0.09
0.14
0.06
0.11
-1.13
0.5
-0.03
0.56
0.93
0.03
0.18
0.88
0.13
-0.4
1.19
0.1
0.34
0.82
-0.46
0.38
-0.33
0.49
0.53
1.19
0.35
1.36
1.09
-0.09
-0.01
0.75
0.12
0.06
-0.12
-0.17
-0.18
0.67
0.19
0.17
-0.5
0.58
1.04
0.76
-0.61
-0.33
0.69
0.56
0.19
0.5
-0.09
0.28
1.11
-0.28
0.08
0.94
0.05
0.95
0.45
-0.46
0.43
0.39
0.07
0.0
0.55
0.86
0.02
0.87
0.46
0.12
0.67
-0.76
0.79
0.55
1.15
0.41
0.13
-0.02
0.49
0.25
-0.17
0.25
0.83
0.01
-0.01
-0.07
-0.52
0.09
0.56
0.49
0.29
-0.65
1.11
-0.22
-0.17
0.86
-0.11
0.78
1.56
-0.43
0.07
-0.0
0.55
0.03
0.21
-0.34
0.17
-0.22
0.01
-0.31
0.28
0.6
0.58
-0.2
0.5
0.02
0.3
0.42
1.07
0.44
-0.35
-0.16
0.2
0.7
1.05
0.18
0.67
0.49
1.01
0.8
0.12
0.69
-0.13
0.55
0.05
0.42
0.74
0.96
0.17
-0.43
0.18
0.49
-0.15
1.27
0.35
0.57
0.16
0.44
0.54
0.34
0.61
1.38
2.25
0.06
0.52
-0.26
1.05
0.25
0.57
0.55
0.14
0.34
0.91
0.79
0.66
-0.09
1.12
0.46
-0.26
-0.1
1.24
0.84
1.3
-0.25
-0.26
0.64
0.36
0.38
0.91
1.23
0.85
-1.3
-0.52
0.91
0.43
0.21
0.03
0.3
-0.05
0.31
-0.49
0.61
0.41
0.17
1.7
2.31
-0.16
-0.63
0.88
0.81
0.08
-0.1
0.97
0.49
0.33
-0.1
0.15
0.93
0.8
0.71
0.4
0.68
-0.28
0.88
-0.23
0.38
0.43
0.38
1.08
0.78
0.69
0.81
-0.11
0.52
1.09
0.16
0.11
0.41
-0.17
0.12
-0.04
0.86
0.15
0.32
-0.65
0.09
0.66
0.31
0.57
0.03
0.18
0.44
0.39
1.24
0.43
0.39
0.0
0.86
0.46
1.23
0.17
-0.89
0.52
-0.19
0.68
0.03
0.32
0.08
0.34
-1.11
0.24
0.15
0.74
0.33
0.9
1.03
0.02
1.16
0.22
-0.7
0.11
0.24
-0.17
-0.16
0.64
-0.6
-0.05
0.21
0.13
0.28
-0.12
0.28
0.0
-0.08
0.87
0.09
-0.06
0.42
0.33
0.17
0.38
0.85
0.38
0.13
0.27
0.15
0.31
0.51
0.36
0.19
0.39
-0.34
0.89
0.58
-0.27
1.27
0.79
0.65
-0.17
-0.26
0.7
0.71
0.52
0.57
0.16
-0.55
-1.53
-2.48
2.16
1.0
0.06
0.13
-0.21
1.11
-0.46
-0.58
0.87
0.85
-0.25
0.2
-0.31
-0.38
-0.47
-0.13
-0.53
-0.23
2.21
-0.07
1.62
-1.25
0.98
0.8
0.34
-0.04
-0.7
-0.02
0.66
-1.07
-1.23
0.28
-7.14
-0.45
1.4
-0.93
-0.26
-0.36
0.23
-1.61
-0.49
-0.75
-0.75
-1.91
-3.08
0.21
-1.2
0.73
0.7
-1.62
-2.34
1.29
0.55
0.23
-0.4
0.27
-1.12
0.59
-0.94
-0.14
0.24
0.04
-0.47
-0.13
-0.2
-0.0
0.88
-1.95
-0.59
-0.12
-0.15
-0.29
-0.05
-0.71
-0.22
-0.78
0.33
0.53
-1.11
0.4
-0.66
-0.27
0.58
-0.09
-0.1
-1.71
-0.11
-0.5
-0.08
0.06
-0.28
-2.04
-0.69
2.55
0.7
0.15
0.87
-0.17
1.93
0.03
1.22
-0.48
-0.03
-0.05
1.78
-1.45
-0.07
-0.1
-1.46
0.4
-0.85
0.65
0.86
-0.51
0.87
-1.33
-0.37
-0.63
-0.66
-1.17
-1.22
-0.24
-0.29
-1.62
-0.82
-0.04
0.3
-0.17
0.41
-1.03
-1.65
1.11
-2.25
-0.44
0.52
0.6
-2.02
-0.32
-8.35
1.03
2.07
0.72
-0.67
0.04
-0.04
-0.44
-0.62
0.49
1.71
-0.17
0.21
0.24
-1.56
0.57
-0.81
3.51
-0.51
0.5
-3.15
-0.78
-0.09
-1.77
-0.19
-1.05
-1.94
0.74
-3.11
1.89
-2.09
0.29
-0.09
-2.94
-3.37
2.32
-0.26
0.57
0.38
0.48
0.98
-1.18
0.14
1.06
3.07
-2.08
-0.04
-0.41
-2.54
-0.26
-0.26
1.76
-2.45
0.43
1.68
2.85
0.24
0.49
-0.52
1.07
-2.1
-2.08
0.38
-2.51
1.6
2.25
-0.3
-0.19
-1.22
1.1
1.97
-0.87
-1.22
1.44
-0.47
0.19
-1.18
-1.45
0.52
1.68
0.64
-2.06
-1.96
0.26
2.45
0.43
0.88
-0.32
1.07
-3.79
-0.07
-1.14
-1.43
-3.14
0.18
0.57
-4.2
-0.3
-1.78
-0.66
0.16
0.84
-0.39
-1.25
-1.0
-0.01
-1.73
0.5
1.49
-1.5
-0.59
-0.15
-1.29
-3.8
0.02
-0.76
-0.62
-0.13
-0.83
0.26
-0.2
-0.4
0.13
-0.26
-1.31
-0.05
-0.1
-0.36
-0.0
0.19
-0.02
-0.16
-0.52
-0.32
-0.09
-0.43
-0.41
-0.23
-0.39
-0.38
-0.01
0.64
0.03
-0.09
-0.1
-0.11
-0.22
0.13
-0.13
-0.13
-0.2
-0.05
-0.01
-0.39
-0.09
-0.31
0.1
-0.02
-0.24
-0.26
-0.03
-0.1
-0.13
-0.73
-0.38
-0.27
0.05
-0.34
-0.06
-0.1
-0.07
-0.2
-0.84
-0.08
0.13
-0.15
0.04
0.15
0.22
-0.34
-0.65
-0.2
-0.14
-0.12
-0.67
-0.02
0.49
0.04
-0.96
-0.16
-0.21
-0.16
-0.19
-0.07
0.03
-0.0
-0.34
-0.27
-0.22
-0.03
-0.28
-0.25
0.06
0.06
-0.19
-0.09
-0.12
-0.16
-0.51
-0.05
-0.21
-0.41
-0.26
-0.13
-0.14
-0.05
-0.19
0.09
-0.07
0.12
0.28
0.36
-0.08
-0.23
0.09
-0.09
-0.14
-0.15
-0.26
-0.05
-0.13
-0.16
-0.07
-0.11
-0.21
-0.15
-0.07
0.2
0.05
0.06
-0.1
-0.08
0.24
0.25
-0.39
0.08
-0.12
-0.46
-0.1
0.14
-0.33
0.17
-1.06
-0.11
-0.0
0.13
-0.37
-0.0
-0.2
-0.1
0.43
-0.17
-0.12
0.24
-0.14
-0.23
-0.04
-0.2
-0.14
-0.14
-0.22
-0.16
-0.15
-0.0
-0.69
-0.12
-0.11
0.03
1.1
1.68
-1.51
0.24
1.29
1.89
2.14
1.09
0.85
1.21
2.53
1.72
1.06
1.11
1.24
2.57
1.55
1.67
1.79
-0.52
1.42
-1.02
0.59
-2.99
1.01
-0.65
2.27
0.15
5.67
1.66
0.45
4.24
-1.65
-1.08
1.03
9.39
3.04
-1.5
-5.66
-0.44
1.13
1.36
2.28
0.8
-4.51
0.44
1.13
-0.28
-1.53
2.38
1.58
4.52
1.35
-0.19
0.8
0.33
0.53
1.56
0.23
0.85
1.48
-1.83
2.11
3.23
-3.0
4.57
1.16
0.5
-0.01
0.43
0.72
-0.6
1.97
0.78
-1.18
0.11
-0.3
1.57
-0.51
1.47
-1.12
1.15
0.08
1.18
-2.84
-3.24
1.02
-0.52
1.29
1.41
-4.23
-0.68
-2.44
6.91
2.01
1.89
-0.79
6.79
-2.13
-0.35
0.27
1.6
0.63
1.02
2.05
-2.34
-1.97
-0.49
-0.85
-1.16
1.84
1.1
-1.09
2.4
1.23
-0.78
-4.02
-0.02
-3.23
-1.26
-3.74
-0.91
-2.91
0.83
2.69
0.25
1.94
0.69
-2.28
0.46
1.7
1.6
0.9
-0.84
2.51
0.94
-0.58
2.0
2.21
0.53
2.69
0.31
-0.49
1.86
0.26
0.92
1.7
2.64
0.16
1.43
2.45
0.22
-0.61
5.09
-0.33
0.39
3.98
-0.13
0.59
4.68
2.41
-0.8
0.91
-2.03
-1.85
1.16
-1.81
0.78
-2.36
-1.25
1.09
-3.23
1.18
1.92
-1.53
0.76
-1.0
-3.28
-1.26
-1.45
3.44
-2.33
-1.51
1.94
1.42
-0.11
1.28
-1.7
0.88
-0.53
-0.89
8.16
-0.55
-2.22
0.49
0.08
1.76
1.33
1.22
-1.5
0.07
2.73
-0.95
3.69
3.03
-0.02
1.0
-0.14
0.93
0.83
-0.3
-3.71
2.66
-2.63
0.81
-1.61
0.35
-1.44
0.0
2.9
0.36
-1.87
0.4
0.83
2.18
3.06
-0.22
1.07
-0.51
-1.59
0.83
-2.29
0.33
0.85
0.65
0.4
1.01
0.48
0.04
0.93
-2.47
1.35
0.95
0.59
-0.24
-1.15
-0.75
0.34
4.36
0.54
0.11
7.36
1.58
2.84
2.23
0.81
-1.23
-0.02
0.43
0.55
1.21
2.88
-0.98
4.05
1.84
1.02
-0.51
0.95
-2.43
0.76
-0.91
1.74
2.2
-2.21
0.01
0.5
4.99
2.35
0.11
-1.05
0.38
-1.01
-0.69
-0.9
-2.16
2.76
-2.58
0.1
0.39
0.04
-0.15
0.94
0.87
-0.75
-2.77
-0.0
1.7
2.44
1.12
-1.71
-2.24
-3.48
0.96
2.89
-4.48
-1.75
-2.12
0.77
-0.2
-13.99
-2.99
0.96
2.51
-0.15
1.34
-3.55
0.65
-0.44
-0.54
-1.64
2.03
0.15
-0.5
0.82
3.47
0.06
-0.21
-0.43
4.74
0.6
-0.9
1.1
1.37
-0.59
-2.86
0.27
-1.46
0.99
0.5
-1.47
-0.21
-0.5
5.28
0.77
-1.48
-0.38
0.82
-0.33
-0.49
0.7
1.57
1.23
1.08
-0.26
0.92
-1.44
0.25
2.28
0.4
-0.23
0.82
-2.53
0.53
0.44
1.09
-0.29
-1.33
0.44
-0.05
-0.58
2.02
1.48
-0.03
-0.7
-0.19
0.09
-0.62
-0.43
1.19
0.41
0.41
-1.4
-0.1
1.85
-0.33
-1.32
0.51
1.14
-1.19
-0.0
-0.47
2.08
1.25
2.91
-0.27
0.03
0.91
2.13
1.4
-1.4
0.91
1.73
2.2
1.8
-0.38
-0.84
0.28
1.62
1.5
-0.24
1.56
0.7
0.91
2.31
-1.25
-1.8
-0.0
-1.74
0.55
1.26
2.12
-0.1
2.59
-0.15
1.67
1.5
1.11
0.91
-0.02
1.4
2.57
-0.12
0.92
1.59
2.79
0.1
0.15
1.74
-0.1
1.97
0.92
0.82
1.27
-0.93
1.65
1.44
-0.38
0.07
-1.02
0.21
1.74
4.31
1.19
1.32
-1.37
0.77
-2.28
-2.22
-1.64
2.66
2.52
-0.31
-1.21
1.21
0.14
1.35
2.9
1.34
0.95
0.02
0.27
-2.01
1.68
1.09
0.61
0.27
-1.71
-3.14
2.52
-1.71
0.53
3.07
-1.41
1.49
-2.7
2.19
2.84
3.52
-2.35
4.04
-0.14
1.93
-0.6
3.9
0.35
2.54
1.6
1.65
-2.73
2.8
0.1
1.67
0.59
2.27
2.01
0.59
0.33
1.51
0.25
1.31
4.07
1.81
0.58
-0.35
1.85
-0.85
3.3
0.56
1.39
0.95
3.65
0.78
-0.25
0.46
1.62
2.16
2.16
0.92
1.72
1.98
0.02
1.7
0.97
2.78
5.55
0.13
0.77
1.86
1.14
0.88
0.61
1.2
-1.83
-0.5
0.09
-0.63
-0.72
5.66
1.05
1.42
-0.17
1.97
2.72
3.19
1.61
1.66
2.28
-2.24
1.93
3.05
-0.22
0.97
1.1
0.93
-0.18
-0.73
1.3
1.57
0.04
6.29
2.4
-0.99
0.89
2.12
1.52
3.04
-0.61
2.86
0.34
-1.12
2.21
-0.28
1.33
1.63
1.98
1.27
2.91
-0.16
1.53
-0.9
-1.9
0.35
0.29
1.42
2.11
3.3
0.4
0.98
-0.27
0.47
3.47
0.38
0.9
0.13
1.07
0.28
0.2
1.41
-0.01
0.71
0.68
1.15
1.47
0.2
0.06
2.54
-0.27
1.25
-1.62
1.15
2.46
-0.07
1.66
0.52
2.07
-0.34
2.08
2.7
0.57
0.77
0.5
3.07
0.63
1.61
0.72
0.1
1.05
0.82
2.06
-0.48
1.88
-0.29
0.94
0.16
0.47
0.97
-0.03
0.48
1.63
-2.16
1.3
2.68
1.4
-0.14
0.32
1.14
-1.09
-2.32
-0.05
0.31
0.64
1.95
-1.56
0.64
2.58
0.37
-0.6
1.72
0.23
-2.36
-1.57
-0.31
-0.81
1.51
2.13
5.34
-1.32
1.94
1.69
-0.34
-1.45
-0.55
0.87
1.16
1.55
0.46
1.07
0.49
1.63
0.3
1.31
-2.2
2.75
0.86
1.16
2.07
-1.26
0.35
1.9
-0.02
0.17
2.77
0.79
0.87
-0.56
-2.67
0.67
1.06
0.06
2.25
-0.18
4.25
1.79
4.32
1.24
-0.96
-1.27
-0.17
1.1
3.26
0.71
2.34
0.66
0.24
-2.01
-0.1
0.22
1.96
2.24
-2.79
-0.04
-0.4
1.59
1.5
0.34
0.24
2.55
-0.13
2.24
-0.09
-0.12
1.0
0.54
-2.75
-0.22
-2.03
1.13
0.38
0.36
-0.23
4.84
0.31
1.13
-1.78
1.22
0.33
-0.23
-1.23
1.21
0.52
-0.54
0.04
0.26
0.94
0.76
1.61
3.04
0.55
1.04
0.42
-2.68
-0.39
-0.74
1.23
0.85
1.87
-0.63
-0.4
0.35
0.25
0.59
0.32
0.84
-1.73
-1.02
0.85
1.35
0.81
-2.19
2.96
-0.93
1.21
-0.9
0.31
-0.74
-1.0
3.74
0.3
0.19
-1.33
-0.71
0.47
1.34
0.25
0.66
-0.04
0.23
0.25
-0.29
-0.41
0.02
-0.51
-2.4
0.23
-0.15
-0.14
0.31
0.16
0.05
0.29
-0.75
-0.45
1.24
-0.11
0.25
0.44
-0.93
0.61
-0.27
-0.06
-0.21
-2.3
-0.07
0.04
-0.85
-0.27
-0.43
0.16
-0.36
-0.36
-0.28
-0.02
-0.13
-0.35
-0.56
0.42
0.12
0.39
-0.17
1.7
0.02
0.32
2.05
-0.29
0.78
0.16
0.98
-0.17
-0.56
-0.15
-0.15
-0.3
0.29
0.03
-0.93
-0.1
-0.19
-0.48
0.01
-0.08
-0.02
-0.3
0.5
0.08
-0.22
0.74
-1.39
0.2
-0.48
-0.81
1.0
1.2
-0.11
-0.45
-1.49
-0.84
0.63
0.72
-1.08
0.12
-0.47
0.47
0.73
5.14
0.26
0.11
0.19
0.2
-0.23
-0.62
0.56
0.06
0.39
1.66
2.2
2.75
0.8
-0.87
-0.91
2.2
-2.63
-0.62
1.02
-0.28
-0.86
-0.21
0.66
-1.66
-0.47
0.23
-0.86
-0.4
0.09
-0.21
-0.75
-0.15
0.59
0.54
-0.11
-0.34
0.23
0.98
0.95
0.29
0.17
0.22
-1.73
-0.83
-0.27
0.28
0.56
-2.13
-0.2
1.18
1.67
-1.29
0.56
-0.65
-0.03
-0.46
0.99
0.83
0.34
-0.45
-0.27
-0.4
0.73
1.14
-0.87
-0.93
1.22
1.5
-0.42
1.01
-1.1
-0.0
-3.03
0.01
-0.27
-1.77
-0.09
0.32
-0.99
-3.75
1.13
1.49
0.49
-1.91
1.02
-1.76
-1.16
1.02
-2.3
1.26
-0.71
-0.85
-0.29
-1.42
-0.47
-1.02
1.7
-0.17
0.14
1.12
-1.12
-0.11
-0.43
-0.59
-2.2
0.08
-0.08
-0.56
-0.14
1.95
0.04
0.38
-0.27
0.09
-0.51
-0.04
0.31
-0.73
0.81
-2.6
0.63
0.12
-0.59
-0.42
-1.21
0.33
1.07
1.74
1.58
2.29
1.36
0.13
0.14
1.0
0.27
1.93
-0.18
0.85
-0.09
1.7
-0.49
-0.69
-0.77
-0.49
1.96
2.24
0.27
0.7
0.78
0.38
0.02
0.66
-0.63
0.38
0.22
0.78
0.47
2.54
-0.21
-1.35
-4.38
0.11
-1.41
-0.01
-0.73
0.71
1.25
-0.02
0.71
1.52
-0.55
1.57
2.61
-0.83
0.49
-0.31
-1.91
0.6
1.41
-2.1
0.82
-1.33
0.81
1.6
1.78
-0.1
0.66
-1.87
2.72
1.08
-1.14
0.93
-0.96
0.41
0.74
0.98
0.39
2.03
-2.09
1.04
-1.92
-0.24
-0.67
-0.09
-0.26
-1.48
-0.11
3.8
-0.05
1.12
0.15
1.51
0.96
1.05
0.15
-1.25
0.27
-0.31
-1.62
1.5
1.09
0.91
0.02
-1.26
0.11
0.41
-0.95
0.08
-0.11
-0.16
2.53
-0.41
0.44
0.91
1.52
-1.26
0.19
0.34
-0.68
0.32
0.41
2.86
-2.57
-0.48
0.85
0.8
1.42
1.13
0.82
1.75
-1.1
-0.92
-1.19
-0.24
-0.22
-0.31
3.78
-3.16
-1.98
-0.41
0.22
0.82
0.11
-1.85
-0.98
-0.19
-1.29
-0.53
-0.64
0.65
-1.74
-1.36
-1.04
0.81
0.63
3.94
2.46
-2.28
1.99
1.02
0.35
-1.55
-1.21
0.36
1.08
-3.95
-0.39
1.22
-2.03
1.78
-0.97
0.6
-1.24
0.69
-0.51
1.03
-0.24
-2.65
-0.5
-0.35
-1.89
-0.88
0.29
-0.21
1.82
0.59
4.45
-1.55
-1.17
0.25
-0.47
1.13
-0.61
-0.87
2.12
0.78
-1.6
-1.75
-0.62
0.32
-0.81
-2.09
0.1
0.85
-0.86
0.25
2.67
2.35
-0.78
-1.03
-2.08
-8.24
-0.86
0.11
-1.91
0.11
-1.02
0.4
0.67
-0.11
0.91
-0.25
-1.16
-0.34
0.14
0.52
0.73
0.9
1.26
3.52
-0.35
1.03
1.0
1.51
0.29
-1.02
0.05
-1.28
-0.04
0.96
-1.38
-0.51
-0.61
1.07
-0.77
0.68
-5.52
0.85
0.5
0.79
1.03
-0.89
-1.06
0.47
-0.58
0.93
-1.66
-0.27
0.31
0.11
0.21
-1.5
0.49
-0.0
0.19
-0.09
-1.71
0.31
-2.26
0.06
1.57
-0.04
-1.03
-0.54
0.87
0.6
0.86
2.51
-0.51
-1.19
0.53
-1.8
-1.02
1.07
-0.1
0.23
-1.52
0.53
0.22
-0.48
1.03
0.97
-0.22
0.62
-1.16
-0.42
0.59
-1.36
-0.49
0.35
-1.43
0.38
0.05
1.39
0.35
1.93
-0.62
0.87
-1.16
-1.23
1.72
0.74
-0.64
-0.88
0.2
-0.85
-1.01
0.47
2.54
2.19
1.14
1.11
-0.32
-0.64
-0.99
-0.23
-0.4
0.86
-0.0
-2.62
1.85
-5.27
0.0
1.72
0.64
1.4
0.83
0.78
0.53
-0.94
-0.19
-0.88
-0.44
3.39
0.62
0.45
1.2
0.2
0.16
0.37
0.24
-0.77
0.08
-0.23
-0.83
-0.73
-0.67
1.01
0.51
1.34
0.94
0.39
0.79
1.39
0.04
0.03
1.72
1.44
-0.81
2.42
-2.05
1.42
1.44
1.92
-0.13
-0.5
2.45
-0.47
0.45
-0.25
-0.01
0.27
-0.25
-0.78
0.07
-0.15
-1.09
-1.13
-0.54
1.8
0.31
-0.75
-0.34
1.09
-1.07
0.49
0.94
1.56
-0.16
0.65
2.99
-0.88
-1.28
-1.16
1.31
-0.62
-0.64
1.51
-0.15
-3.27
0.75
0.03
1.26
-0.56
2.4
-1.04
-0.49
1.64
2.1
-0.53
3.05
-2.61
3.78
0.36
2.36
-1.63
0.35
1.14
0.82
0.0
-0.35
-0.47
-1.56
0.97
1.1
0.18
0.46
-0.23
-1.42
0.13
0.22
0.62
0.13
-1.46
1.27
0.46
1.43
1.39
0.54
2.15
0.19
1.17
-0.34
1.79
-1.26
3.62
0.52
1.03
0.74
1.77
-0.72
1.71
0.75
1.33
1.2
-0.92
2.71
0.65
-1.3
1.14
1.81
0.12
0.51
-1.32
3.02
-1.44
0.87
0.25
-0.51
-2.28
1.91
1.5
-0.34
2.08
0.3
-0.52
1.33
0.41
1.97
4.74
0.33
1.56
1.28
2.37
-0.94
0.93
-0.36
1.51
-0.07
-0.41
-1.69
0.92
-6.13
-1.05
-0.53
1.5
3.25
0.75
0.41
-1.52
1.49
0.19
1.28
3.69
-1.23
0.89
4.79
-0.17
-1.89
0.64
6.24
3.76
-1.05
-1.64
0.62
-0.16
2.56
-1.81
1.21
-2.62
0.02
2.95
-2.1
4.18
1.13
2.2
0.65
-1.67
1.28
-0.85
2.6
0.45
0.23
0.77
2.3
0.36
2.43
1.02
0.73
0.02
1.43
0.88
-0.1
3.33
-0.74
0.51
-2.25
1.6
0.31
0.16
-0.93
-1.97
0.07
1.08
2.97
2.89
1.38
0.89
1.89
-2.27
-0.92
1.89
0.12
0.5
-2.98
2.6
1.04
-0.24
3.5
1.87
-0.25
0.21
2.88
-0.56
0.61
-1.8
-1.53
1.14
-0.9
2.06
-0.72
2.96
0.01
1.27
1.74
1.44
1.36
2.7
0.28
0.99
1.02
-4.37
0.07
-2.07
-2.01
-1.7
1.44
-0.22
-0.66
-1.27
1.47
0.99
1.52
-0.62
1.31
-1.79
-0.84
1.94
1.13
-2.51
1.66
0.1
-1.74
-5.91
-0.51
0.82
-1.25
-0.12
0.33
1.29
1.05
0.96
0.54
-0.09
-1.14
-0.87
1.24
-1.6
0.63
0.08
1.96
1.72
0.85
-2.03
-0.8
-2.3
-2.91
-1.03
-0.05
2.81
1.06
1.67
1.31
2.21
1.59
1.37
0.91
0.79
1.03
1.11
0.02
0.15
-0.32
1.84
2.03
2.2
-0.3
0.19
-0.57
1.47
-8.59
-1.36
-0.32
2.66
1.23
-0.24
4.19
-1.91
0.91
-2.86
-0.91
4.26
1.66
0.53
-1.16
0.11
1.14
0.62
0.87
0.96
1.36
0.54
1.3
1.88
2.62
2.87
-3.21
1.3
0.08
1.84
-0.11
0.29
0.23
0.41
0.23
1.72
1.71
2.63
-0.23
2.03
-1.24
1.08
1.02
0.18
0.67
0.49
1.72
0.55
4.77
0.1
0.04
-1.34
5.27
0.2
0.07
1.22
1.61
-1.09
0.42
1.39
-2.21
-0.59
0.59
1.3
1.12
-1.44
-0.51
-3.02
1.52
0.18
1.28
-2.97
0.97
2.25
3.38
-1.1
0.55
2.27
0.34
1.38
1.5
1.28
-1.56
-1.92
-4.58
1.41
0.59
-1.5
0.78
0.71
0.56
-0.44
0.07
-0.57
-1.14
-0.77
0.36
2.66
0.35
2.82
0.3
-1.29
-0.62
0.93
0.33
-1.94
1.4
-1.66
1.14
0.03
2.36
-0.12
-1.0
-1.05
-0.35
-0.51
-0.27
-0.48
2.06
-0.31
-0.42
1.24
-1.86
0.26
-0.6
0.76
0.4
-0.69
2.55
0.35
-0.32
1.63
-0.04
-0.71
-1.09
0.83
-0.23
-0.2
1.71
-0.18
1.21
0.2
0.02
-1.04
1.56
-1.5
0.96
0.63
-1.72
0.67
-0.27
-0.62
0.69
0.72
0.29
-0.56
0.37
0.75
0.95
0.26
0.22
-1.03
0.65
0.6
1.12
0.48
-0.06
-0.3
-0.22
-0.68
-0.29
1.43
1.13
0.24
-1.02
0.66
1.03
5.21
0.45
-0.58
0.94
1.53
0.39
0.45
0.97
0.35
-0.18
1.19
-0.14
3.37
0.39
0.53
-0.96
0.72
-0.08
-0.13
-3.2
-0.15
-0.38
-0.47
0.34
-1.44
-0.11
-1.35
-2.04
0.33
0.56
-0.88
-1.97
-0.71
-1.25
0.67
0.06
-1.15
1.13
-0.49
0.09
0.59
-0.11
1.54
0.07
1.36
-0.31
-0.32
-0.37
-2.31
-0.68
2.22
-0.65
1.21
0.11
-0.94
0.35
0.03
0.23
-0.76
-2.29
-0.37
-0.46
0.77
-0.12
0.33
1.15
0.85
1.69
4.72
3.62
1.24
1.61
5.09
3.39
0.95
2.0
5.14
2.44
1.78
2.22
-9.42
2.11
1.37
2.25
14.44
-3.74
0.33
3.36
0.59
4.89
1.63
3.13
-1.08
0.29
2.23
0.29
-0.29
1.31
1.91
1.39
0.11
0.95
2.22
2.47
3.09
2.97
2.74
2.08
2.84
1.55
-0.64
1.37
1.02
0.87
2.79
2.11
2.38
-0.4
1.49
5.15
0.98
2.47
1.72
1.03
-0.02
0.08
2.96
1.73
1.86
0.67
-0.03
0.95
0.17
0.24
1.37
1.84
2.58
3.35
1.07
1.98
2.17
1.71
1.43
1.37
1.39
0.29
1.98
2.88
-0.04
1.69
1.19
1.25
1.31
-1.54
0.74
1.92
1.5
-0.76
1.81
1.22
2.42
1.98
2.6
1.61
0.74
0.2
1.27
0.87
1.22
0.44
2.02
1.28
1.53
-0.18
0.91
0.58
1.16
0.16
0.44
1.57
0.79
1.61
0.82
0.26
3.06
1.99
2.84
2.59
2.31
-0.19
0.35
2.08
-0.77
-0.83
-0.55
-0.16
-1.26
-0.31
1.05
-0.22
0.68
-0.55
0.27
1.73
0.66
1.22
0.53
-0.11
-1.6
-0.38
-0.42
1.43
-1.62
2.71
-0.53
2.88
0.36
2.28
1.51
1.02
-0.67
-0.65
0.55
-0.73
1.3
-0.64
0.62
1.93
1.15
2.89
0.86
0.86
1.26
2.17
1.61
-2.42
3.47
-0.48
-0.49
1.9
-0.34
0.37
-0.64
0.85
0.4
1.26
-0.14
2.01
-0.09
1.46
0.66
1.36
0.51
0.31
-0.75
1.06
0.74
1.3
1.2
-1.87
-0.31
2.47
1.47
1.17
0.2
-0.25
1.2
1.07
1.63
-0.91
-1.77
0.01
1.12
1.88
-0.14
1.53
-0.23
1.4
0.76
1.11
2.46
1.01
1.99
-0.15
-1.13
0.98
-0.73
-0.54
2.37
3.31
0.28
-1.93
-1.6
0.27
1.46
1.41
1.76
0.94
0.73
1.54
1.06
1.39
-0.1
1.65
1.15
-0.02
0.97
-0.16
0.84
3.79
-0.99
0.8
-3.06
0.8
1.71
1.14
-0.33
0.87
0.3
1.38
-0.37
0.24
-1.96
0.97
0.22
2.38
0.52
-0.07
-0.2
0.45
0.43
3.83
-0.33
-1.61
1.32
0.33
0.12
0.66
1.85
1.3
1.12
1.1
0.75
1.0
-1.61
2.15
-0.8
0.4
1.36
1.29
0.43
0.55
-2.07
0.05
0.09
0.07
0.24
-0.04
1.16
1.43
1.38
-0.04
0.43
2.88
2.46
-0.73
1.15
-0.26
1.92
-1.15
2.98
0.14
0.73
-0.49
0.29
0.85
0.63
2.19
1.06
-1.85
1.72
-3.56
1.22
1.32
0.63
1.03
0.06
2.25
0.95
0.77
0.79
0.43
0.89
0.87
4.08
-0.67
1.04
-5.71
-1.84
1.51
1.21
0.09
0.41
0.67
-0.03
0.65
2.63
3.85
2.28
0.72
-0.05
-0.54
1.8
1.21
1.94
1.13
0.28
2.37
-0.63
0.01
2.83
2.52
0.43
1.31
2.44
-1.53
0.65
-1.39
2.33
2.4
1.81
1.33
0.43
1.18
0.7
1.16
2.49
-1.15
0.24
0.61
0.59
-0.18
0.01
0.43
1.39
1.16
0.83
0.13
0.99
-0.35
-0.13
2.01
-0.68
2.32
0.46
-0.25
1.76
-0.31
1.19
-2.98
-1.66
1.81
1.79
0.61
0.19
-1.17
-0.74
1.06
2.59
1.26
0.51
-0.6
2.46
-1.66
0.88
0.88
2.21
1.08
-0.09
-0.01
0.73
-0.61
-0.62
-0.25
3.94
0.27
0.55
-0.12
3.1
0.03
-0.32
0.08
-0.47
0.92
-0.59
-1.68
-0.5
-0.26
5.57
0.63
-0.17
-0.18
-1.44
-1.1
2.7
0.29
-2.56
0.23
-1.21
0.94
0.09
0.06
0.6
0.68
1.06
-0.17
0.54
-0.79
-0.93
-1.68
0.79
1.63
2.35
-1.46
2.56
-1.48
0.78
-0.31
3.53
0.02
-0.45
0.34
0.1
-0.92
1.87
1.99
-1.3
0.59
-0.87
-0.31
0.96
-0.96
-0.51
-0.55
-1.21
0.25
-1.87
-0.29
1.02
-2.16
1.09
0.22
1.78
0.17
-1.56
-1.0
1.32
-0.3
1.24
1.11
-4.47
-1.35
-0.16
0.17
-1.57
-0.73
3.17
2.24
0.17
-0.97
-0.88
-1.77
0.59
0.49
0.69
-1.36
-0.14
-0.29
-0.84
-1.44
-1.03
1.43
-1.7
1.04
0.66
1.55
1.07
-0.26
-0.43
1.04
-0.26
-0.02
0.26
-0.79
1.0
1.01
0.8
-0.01
-1.47
0.57
0.82
0.69
0.43
0.49
2.18
-0.77
-0.46
0.69
-0.22
0.56
-0.46
-1.9
-0.08
-0.06
-0.63
-0.53
-0.0
-1.74
0.44
0.77
-0.11
0.9
0.37
-0.46
-0.25
-1.28
-0.76
-0.41
1.15
-1.01
0.87
-0.37
-1.36
0.46
-0.95
-0.82
1.17
0.41
0.03
0.78
0.86
0.43
-1.47
0.26
0.44
-0.66
0.02
-0.3
-0.38
0.06
0.13
0.23
0.66
-0.02
0.47
-0.5
-1.16
-0.38
0.39
-1.39
-1.0
-0.28
-1.25
-0.16
0.16
2.07
0.36
-2.26
-1.5
-0.74
-1.98
-1.91
-1.33
-1.66
1.54
-0.26
-3.22
2.46
2.32
0.59
-0.73
-1.93
4.64
-0.68
0.62
0.77
-3.48
-1.11
-1.99
-0.62
-1.09
0.16
0.82
-0.17
0.88
-0.1
-0.15
-0.43
-0.08
2.16
0.35
0.35
-0.02
-0.56
-1.03
-1.62
-2.29
0.56
-0.17
-0.11
-2.12
-1.61
1.24
0.2
1.55
-0.1
0.49
-0.61
0.39
0.18
-0.44
-1.36
-0.56
-0.05
0.32
1.18
-1.08
0.22
-1.35
-0.3
-0.64
0.58
-0.55
-1.42
-1.38
1.53
-0.12
0.35
0.81
-0.3
-1.4
-0.22
-0.58
0.46
0.01
-0.47
1.03
0.03
-0.08
-0.39
-0.33
-0.33
0.81
0.22
-1.84
0.76
-0.72
-0.73
1.89
-0.52
1.0
-0.89
-0.45
-0.53
-0.41
-0.54
-2.16
-0.44
0.93
-0.22
-0.25
0.39
-0.44
0.46
0.01
-0.0
0.35
-0.51
0.05
0.27
0.16
0.83
1.94
-0.2
2.85
0.58
0.62
-1.79
-0.04
-4.49
-0.1
-0.24
-0.11
-0.49
0.37
-0.06
0.66
-0.24
-0.71
-1.02
-1.15
-3.85
-1.31
1.67
-0.02
-2.87
0.63
-0.77
-1.51
0.54
0.62
0.49
0.74
-1.58
1.21
-1.13
-1.35
0.3
1.12
-0.53
-2.52
0.42
0.19
1.8
-0.92
0.99
0.11
0.79
-3.02
-1.54
0.08
0.69
0.88
0.62
1.16
0.95
-0.67
1.37
1.67
-1.84
-0.26
0.17
0.48
-0.68
0.17
-2.09
-0.07
-0.2
-0.55
-0.47
0.64
1.62
-1.42
-2.66
-1.6
-0.63
0.48
-0.38
0.21
-1.01
0.45
0.1
1.29
0.75
-1.14
3.63
-2.53
0.31
0.58
-0.55
-0.62
0.74
-3.26
-0.33
0.19
1.31
0.98
1.0
-0.02
0.34
0.84
0.72
0.78
0.29
-0.91
1.92
-1.05
-0.12
1.02
1.58
0.61
-1.2
-0.32
-2.61
1.31
0.91
-1.44
-0.84
-2.93
-1.86
0.9
-1.37
-1.78
1.87
0.57
-0.85
0.9
0.56
-0.2
-0.57
-0.01
1.85
-1.21
-0.76
-0.4
-0.28
0.5
0.6
-0.09
1.84
0.14
1.12
0.18
-1.11
0.2
-0.14
1.13
-0.13
-0.78
0.29
-0.32
-0.21
0.07
-0.11
0.18
0.43
-0.09
0.13
0.07
0.4
-1.11
0.96
-0.29
0.19
0.35
-0.46
-0.26
-0.38
-0.09
-0.67
-1.3
-0.07
0.17
-0.18
-0.65
0.57
0.12
0.11
0.02
0.01
-0.58
-0.65
0.45
0.09
0.59
-0.53
-1.11
-0.16
-0.32
-0.13
0.05
-0.15
-0.06
-0.34
-1.95
0.63
-0.55
0.06
0.53
-0.48
-0.12
-0.8
0.07
-0.24
2.09
-0.33
0.43
0.89
1.88
-0.25
-0.78
0.81
-0.95
-0.83
-0.5
-0.83
0.44
1.09
1.31
-1.54
2.15
0.13
-0.19
1.74
0.12
-0.25
2.0
-0.47
-0.0
1.14
-0.81
0.38
0.43
-0.02
-2.75
-0.85
0.95
-0.54
-1.72
0.47
-0.86
0.65
0.92
0.15
-0.8
-0.31
1.34
-0.1
0.09
1.57
0.07
-0.54
-0.78
1.09
-1.69
0.54
0.37
-1.09
-5.99
-0.74
-0.87
-0.29
0.9
-0.11
-0.51
0.26
-0.94
-0.81
2.27
1.36
-2.02
0.54
1.87
0.79
-1.13
-0.06
-1.93
0.22
0.37
0.66
0.38
-0.56
-0.15
-0.02
-0.54
0.16
0.72
0.59
-0.84
0.38
0.62
-0.35
0.26
-0.02
-0.62
0.44
0.47
-0.42
-0.2
0.28
0.44
-2.22
0.12
0.52
-0.8
-0.35
0.06
-0.62
0.15
0.21
-0.14
-0.04
0.47
0.62
0.19
-1.41
0.17
-4.74
0.21
1.89
0.4
-0.57
-0.04
0.11
-0.2
-1.43
-2.3
-1.24
-2.54
-3.89
0.85
-1.85
-2.19
-3.26
-6.67
-1.23
-6.37
-3.55
-2.67
-0.54
-4.2
-6.89
-10.14
-2.28
-5.36
0.37
-2.27
-5.69
-0.12
-5.27
-0.12
-10.12
0.33
-4.76
-3.69
4.16
-2.07
-3.45
1.8
-3.99
-1.76
-3.87
-0.18
-5.93
-2.91
-5.07
0.2
-5.36
0.52
0.34
0.19
-6.59
-1.24
-4.38
-2.57
-2.62
-0.44
-1.81
-4.67
-5.04
-4.43
-3.14
2.03
-2.4
-4.49
-1.31
-0.27
-3.22
-4.0
-3.96
-0.82
-3.42
-8.14
-10.2
-6.17
-2.53
-6.89
4.29
-2.56
-6.62
0.37
-2.95
-1.26
0.23
-6.69
-2.46
-2.41
3.53
-12.95
-6.74
-4.52
-2.34
-1.32
1.09
-3.13
0.01
-3.41
0.12
-0.24
-2.99
4.55
-1.08
-0.8
-7.91
-2.57
4.97
-0.54
0.66
-10.42
-5.29
-6.4
0.76
-1.52
2.25
-3.91
-1.5
-4.49
-1.06
-2.38
-2.2
-2.98
-0.39
-8.32
-4.42
-5.5
-4.58
-0.79
-6.07
-4.23
-3.6
-1.26
-3.81
1.9
-2.39
-3.26
-0.44
-0.73
-1.91
0.88
-1.06
-1.58
0.32
-1.39
-0.79
-4.07
-2.47
-1.27
-0.05
-6.45
1.72
-0.53
0.07
-0.1
0.25
-0.19
0.7
-0.55
-0.29
0.57
0.28
0.05
0.32
0.17
-0.54
-0.8
-0.47
-0.6
-1.17
0.71
-0.11
-0.42
0.83
-2.29
0.62
-0.51
0.62
1.23
-2.6
1.03
0.11
-3.24
-0.41
-0.08
-0.91
-1.33
-0.07
-1.23
1.35
0.56
-0.07
0.11
0.26
-0.12
-0.64
-2.55
-3.51
-0.37
-0.91
-1.32
-0.25
0.29
-0.23
-0.33
-2.13
-0.28
-8.88
-0.14
0.76
0.21
0.94
1.66
0.08
-0.1
0.48
0.95
0.71
-0.72
0.33
0.43
0.6
-0.07
-0.61
-1.2
-1.61
-1.25
2.14
0.83
0.09
0.21
-0.05
-0.03
0.54
-0.22
-0.18
0.14
0.97
-0.48
-0.34
0.64
0.02
-0.3
-0.21
-0.77
0.17
0.16
-0.21
0.16
-10.67
-0.18
-0.37
-0.07
-0.13
-0.17
-0.69
-1.32
0.34
0.03
0.67
-0.98
0.33
1.23
-0.11
-2.84
-1.65
-0.03
0.69
0.18
-0.07
0.67
-0.39
-0.19
-0.14
0.19
-21.65
0.23
2.47
-1.24
-3.05
-0.22
-0.59
1.12
0.75
3.22
-0.05
0.8
0.25
-5.63
1.12
-0.78
0.18
1.27
0.01
-0.12
-0.48
-1.06
0.2
0.24
-0.29
0.08
0.15
0.91
-1.19
0.3
0.01
0.21
-0.36
0.28
-0.72
-1.52
-0.45
0.68
-0.12
1.19
-0.89
-1.46
0.23
-0.53
0.14
-0.28
0.32
-0.89
-1.41
-0.23
1.16
0.66
-0.77
-0.05
-0.01
0.57
0.46
-0.87
-0.81
0.14
-28.98
-25.96
-25.42
-30.8
-29.1
-25.85
-17.71
-9.64
-24.47
-21.85
-34.83
-15.24
-12.34
-18.2
-18.62
-12.9
-23.75
-14.97
-14.02
-13.21
-14.32
-11.8
-24.41
-28.04
-12.88
-13.82
-27.33
-17.25
-20.02
-16.29
-12.68
-8.72
-19.54
-15.53
-11.36
-15.47
-13.67
-13.71
-19.98
-18.23
-20.06
-14.75
-19.73
-17.12
-14.49
-16.88
-8.5
-12.35
-18.55
-32.67
-21.43
-33.53
-16.31
-12.04
-14.02
-15.04
-19.04
-23.72
-29.55
-23.47
-21.32
-18.66
-20.6
-72.36
-32.6
-25.68
-23.25
-29.09
-23.51
-19.67
-18.45
-14.89
-20.29
-21.44
-19.79
-12.68
-21.99
-11.19
-18.2
-19.77
-19.69
-16.99
-10.75
-17.56
-11.33
-8.78
-15.88
-9.36
-8.54
-7.17
-14.85
-11.75
-13.92
-14.0
-17.16
-14.27
-9.96
-12.63
-7.89
-7.95
-10.11
-11.24
-10.89
-13.34
-8.16
-7.19
-9.09
-20.81
-22.67
-15.68
-15.97
-15.88
-19.89
-14.71
-14.12
-10.39
-7.44
-14.93
-12.86
-14.65
-28.37
-22.45
-26.16
-6.03
-11.16
-7.47
-21.51
-12.45
-8.29
-17.4
-12.57
-10.88
-21.45
-10.87
-10.15
-18.34
-28.12
-17.35
-8.74
-13.63
-13.56
-5.77
-10.04
-26.78
-13.75
-21.43
-22.92
-16.49
-16.78
-13.06
-18.49
-11.6
-18.12
-11.41
-8.41
-15.66
-21.86
-11.11
-7.74
-13.9
-11.73
-17.26
-38.26
-17.23
-21.14
-23.8
-16.02
-21.74
-24.01
-20.69
-20.05
-17.71
-14.99
-10.3
-11.67
-17.05
-13.5
-9.98
-14.96
-15.86
-6.24
-9.7
-10.89
-13.59
-25.04
0.0
-13.7
-23.81
-13.14
-5.82
-9.74
-3.24
-4.15
-18.72
