10.299713
12.376347
5.704994
9.1886
10.453191
12.876744
9.877733
6.6721983
7.901663
5.3864207
7.3490176
3.2079756
5.0418696
12.23947
9.965632
14.510235
11.292684
5.5196733
4.3671513
11.086448
4.1072764
3.7052388
5.638754
0.84657705
3.6114743
10.163661
10.528309
6.945983
3.2227907
1.2781669
8.91367
6.325455
5.791603
8.242904
9.624318
7.3399878
5.2340536
10.987732
0.31437346
5.7837377
12.00374
2.961215
8.309147
6.4531794
1.8279595
7.401106
10.404988
11.06108
4.2812467
5.639389
4.888772
1.3317193
0.0085257385
12.1917305
3.4370952
13.411205
12.174662
4.1628757
7.218684
8.00749
5.989672
7.185087
6.345729
5.163998
4.7266245
7.2700343
7.6761317
5.870779
3.4297075
-2.1717718
14.315263
6.339631
8.514884
5.908692
7.7985706
5.6376367
8.363106
6.3067074
8.155047
8.223549
0.3562306
3.0413475
5.9853687
7.7389755
5.644182
3.9538903
-0.100328766
6.5146594
9.312556
9.012407
8.16942
1.667244
10.187993
13.076159
8.121272
9.236631
6.1818624
6.511225
10.305464
8.881135
9.169625
8.0144615
10.631575
4.8561583
2.7505977
0.26988658
5.53911
7.472993
7.3980207
4.266024
12.222024
3.347883
9.195002
10.46327
8.027704
6.577265
7.744107
4.3755093
6.54791
4.9246106
1.1472907
8.161625
5.8591037
9.042684
7.6078115
3.2554097
9.704118
3.4896986
0.15465498
8.738076
11.686866
6.2011776
5.7458363
8.440663
10.965688
4.6452384
5.486214
8.091616
3.7900777
5.9277577
10.74753
7.6478863
5.9751325
12.373363
7.1141605
6.315826
2.9014082
11.93698
2.4817631
11.317149
6.752097
8.383253
10.493812
10.483344
7.2541423
8.381529
10.700242
8.248217
5.107457
9.308849
4.798657
14.517649
2.484041
5.5522695
6.653728
2.078635
0.8059587
4.9704785
2.8743405
0.34671924
11.61616
0.18806587
8.403866
3.3094394
1.2007346
8.315248
4.8399973
3.6291451
2.3480241
10.891165
-4.5701594
-0.15614685
0.05542594
3.8145294
5.313123
-4.06816
1.832496
1.5566636
4.537236
4.7179623
-0.75768197
-1.4597933
6.520782
7.5892496
7.3066716
4.9461875
6.616635
5.8222113
4.075556
1.3833522
4.5945024
5.7749634
4.272569
2.2424893
2.5298526
-1.4415689
3.0950944
5.5465
5.3887043
1.8703845
0.6318395
-0.5487181
4.126445
7.0144577
-1.7528331
2.2421007
-2.711372
15.985807
-0.5687343
7.8732705
16.241077
11.950241
13.0843725
15.718696
12.966263
1.4477146
6.0492268
9.16986
2.7300658
7.2022195
-1.4467874
-0.81716317
10.585061
8.577493
0.4089478
7.705798
3.1400144
4.6451287
6.5693846
3.7847822
1.9124146
2.9263659
22.225216
2.665869
4.3846736
3.5434632
6.5005574
5.018176
2.7243474
3.1170502
8.86126
7.079147
8.618808
-3.5499976
3.2430456
6.4659505
2.7697523
1.0093354
0.69378245
-1.1744397
2.93565
4.7173185
2.434765
2.386126
-0.4718726
0.042955913
8.266941
-1.7960879
0.7764758
5.2857485
-2.3648047
1.4645159
4.6101637
4.4754496
9.148909
12.961285
11.965542
10.375431
18.791655
7.7650304
16.535002
7.3594623
13.575387
10.062047
12.446056
9.955979
15.671507
11.98228
14.459575
15.047631
10.112426
12.811857
18.595058
9.948305
15.811798
12.220602
13.207702
8.16161
5.74556
12.830449
9.645681
11.796705
16.9679
18.69643
8.8942375
10.395152
7.717961
14.547213
15.338711
17.740221
16.067888
7.6196737
12.798408
14.395453
13.6955
13.976431
12.5446615
11.935902
10.085806
10.915904
12.268969
11.828604
12.018653
13.49761
10.0868435
15.163788
8.431508
13.672148
10.285203
11.858549
14.128196
4.599648
11.882471
14.811386
11.925376
6.9758563
8.926902
7.632309
7.529015
8.514633
13.901438
11.055108
7.9979167
10.954367
9.798991
9.370398
6.485468
8.026206
11.275306
6.283511
8.87854
4.8926706
12.264191
11.327839
14.551605
15.660058
10.354383
2.9662793
13.853464
15.21248
6.8801136
13.227555
5.1692233
10.1731415
9.195033
9.164366
8.7337265
6.925522
15.650543
10.332412
11.392161
17.097513
10.048827
13.780004
16.574501
11.304419
16.891201
14.637808
9.798956
5.981404
13.0550375
9.445848
15.699097
12.354638
6.6939244
18.111485
18.18251
8.511799
11.26787
13.949274
11.586989
12.934053
11.613951
13.788824
10.481358
8.005411
9.934983
13.009347
11.83003
14.019819
13.186408
11.077605
11.961503
13.104279
11.726846
11.241762
15.017135
19.192253
10.842907
11.047402
10.827534
6.6447673
10.642827
12.1428995
12.7204
14.507827
13.101255
9.203124
10.144001
13.163884
12.464549
12.615177
12.876733
10.7201605
6.4470067
12.612049
10.686254
8.051322
13.94818
10.79315
13.685988
17.340702
16.886564
12.9912815
10.2993765
8.240119
12.7343
9.028394
6.1539845
14.796153
7.6210375
9.828318
13.489521
10.406191
8.4434595
9.621052
14.556164
10.421417
8.704911
13.677108
11.75178
20.93164
18.734697
16.04243
9.214189
18.610615
10.805833
15.847711
14.59221
16.973541
9.6739855
8.973247
9.660266
11.636577
9.871889
12.391942
15.576328
10.856917
8.52278
10.107878
10.027121
9.613746
12.304313
12.273481
13.197549
8.358968
13.289893
14.009627
16.100788
12.557505
14.622036
11.3688755
9.828329
11.30746
12.342011
16.68853
20.088827
17.500257
11.810891
11.517
10.86593
14.093886
15.215046
9.453449
18.700893
14.109171
12.001332
18.38348
13.663967
14.360788
11.618387
14.157073
22.69569
12.661846
14.703781
13.607809
14.924708
16.575573
9.390428
7.5776806
18.23604
14.020604
11.527141
11.311966
12.500565
16.925316
13.255406
12.697779
15.494943
16.821184
10.3732195
16.327797
17.890612
17.102074
19.680685
13.177124
10.680208
13.173137
17.554369
18.805962
11.627223
12.849174
11.694589
18.670427
14.568656
15.639942
16.717396
12.318719
8.691042
11.21046
13.152014
13.154087
14.171646
6.033125
11.751608
9.803697
15.302774
17.015337
14.81262
11.169382
9.867472
11.205153
13.571674
13.472301
17.12712
10.662153
12.877028
12.623555
14.284027
8.1393795
10.204012
10.525366
22.98389
13.616484
14.253997
20.730675
8.715176
9.557815
11.466258
12.565944
13.576409
14.00844
14.63095
9.495651
19.802534
16.884203
14.154771
8.825558
17.045553
15.428018
8.603328
13.619862
13.549391
15.060842
5.948473
14.013285
11.648527
10.539949
2.9972417
5.226687
8.086684
8.228369
9.91179
11.810047
9.404598
12.118666
14.292939
11.989966
14.479501
15.0281725
19.683357
14.077132
9.2021885
12.926197
13.348689
13.788202
10.602281
14.33489
11.85491
15.555033
5.2904935
16.710135
11.81233
6.9472075
11.865912
6.0402875
4.0540137
9.878428
11.057998
6.761429
8.895046
12.420602
13.261032
12.21048
12.2566595
17.420832
12.945953
6.6913404
14.894388
8.274892
11.232409
7.0550466
11.084421
8.1373005
13.084014
16.620523
12.077025
10.8304615
13.710989
11.433583
6.873441
11.763589
14.107741
6.0443583
8.528299
8.415068
19.884823
19.91741
11.050091
12.010698
10.202148
3.218908
13.375176
15.109565
16.333517
15.449607
8.017742
7.227221
14.2122345
20.648094
13.496306
11.169069
12.990915
5.9950824
12.422166
12.308034
14.065965
14.139611
13.391861
17.186655
10.420933
15.752345
7.895432
6.2889385
10.232551
8.2762985
9.157403
13.603449
5.373479
11.920552
16.007868
18.567207
11.098539
20.61111
8.662161
10.397018
8.010936
8.273502
11.809998
13.245728
11.489409
9.987246
13.494349
11.606679
10.339545
8.475534
12.615748
16.786625
7.3675513
16.723127
13.908051
9.860383
15.105189
14.711914
19.626806
9.7223625
11.890305
6.130645
20.671795
5.614421
10.055884
10.248546
11.433094
9.246467
11.583245
16.718628
14.158154
8.746283
11.080333
8.040101
16.970797
13.76328
19.367382
14.31071
12.710017
13.496502
13.520142
19.30174
11.448292
9.463202
11.118048
17.213657
19.064465
6.1211886
20.698322
10.407985
14.911584
15.609715
4.5141764
10.051649
10.94112
12.839186
16.510729
12.020529
10.747859
6.348594
13.179725
10.82387
11.647548
11.830786
12.197112
6.1409793
10.155638
21.03734
17.063076
15.895028
17.665405
17.917501
15.845575
15.927565
13.023
6.553043
12.803643
15.406625
10.982627
13.087102
18.907988
12.6762
12.834606
11.438542
10.124592
4.979968
7.7716393
12.176458
15.478501
8.734066
8.203408
4.007451
15.072103
16.48761
11.514114
17.60261
9.392904
9.909332
14.937254
13.059499
9.056266
12.919006
11.678686
8.148625
5.8234305
16.240196
14.667033
9.993798
14.37216
12.975062
13.634623
17.8266
10.030522
13.614504
14.761032
10.13189
8.300361
10.489817
13.54741
5.557205
15.993434
16.065214
9.370419
13.659389
13.444024
19.096924
10.888726
13.038985
16.15328
15.420869
13.324841
13.317049
8.609376
15.495559
11.761261
13.266159
13.261241
15.361889
17.920599
12.924962
10.912759
19.2215
15.860103
14.917607
16.732216
9.101063
17.97617
19.394493
15.394308
10.902893
9.095718
10.942473
15.781844
20.191288
17.38146
12.976802
17.028776
15.731147
10.388261
11.817771
11.520298
7.450088
11.614704
9.871039
6.880584
16.593365
11.845097
12.946215
16.680115
18.883537
12.856848
16.393736
12.068417
12.94244
17.45211
18.095121
10.804816
18.18893
10.783535
10.854987
7.310929
17.33953
16.087683
14.885045
14.563964
17.348663
8.914509
13.372306
8.507214
9.205433
12.131179
15.460929
11.079017
7.5278115
6.8116336
13.697804
16.17878
15.422438
13.6627245
10.019207
12.720413
11.429576
10.706315
6.829801
17.595459
13.980693
11.368201
13.643535
9.547021
10.47616
13.506552
17.607101
14.108558
12.262798
9.048975
13.262811
15.152151
10.14267
15.385381
15.220315
16.92127
14.960778
15.181777
21.499615
20.940228
21.495308
18.884102
14.979826
14.948527
15.162911
18.223427
11.02173
10.254177
12.972517
14.997926
16.324257
15.585872
10.707342
10.882405
12.683068
10.6090765
13.527834
15.045609
13.358173
15.351558
15.899644
19.168812
12.220169
22.414696
16.095732
17.13696
10.78894
22.947798
17.36128
19.9706
18.473454
10.885876
13.703673
16.968334
13.965122
19.417858
9.18077
15.97112
14.709039
12.014226
22.031883
23.81972
13.683593
14.294544
8.979124
17.952332
10.533702
11.617931
11.135203
18.261286
15.352612
11.3517475
13.142765
7.4192867
6.3810544
16.498829
15.291363
11.702203
18.650913
19.30463
15.176922
11.096439
13.00373
9.444007
11.417476
15.887987
11.135188
13.352493
13.50143
12.680582
15.364663
12.615673
9.193104
15.972749
7.9314456
10.411259
10.684708
12.98535
15.935317
12.931278
15.16537
7.71714
14.016637
9.726034
14.63833
14.639121
11.39335
11.8214245
19.381145
18.573175
17.736193
7.611746
18.506872
19.044334
15.042516
18.674356
19.587538
9.775353
16.31998
16.644716
16.046919
13.060196
16.219046
9.990904
14.575271
8.23203
21.230257
18.3274
13.081197
18.205446
17.346077
22.318542
18.921043
15.259256
16.01597
14.077142
10.629899
10.438268
14.069749
14.277302
13.191929
15.624485
11.116043
7.786708
8.648716
8.686549
12.566055
15.674596
11.063746
19.023464
19.365257
17.848763
19.879374
20.797733
17.495481
12.966084
19.627134
21.217913
13.854074
14.671739
19.835293
7.704121
11.821843
16.004532
9.918801
6.790414
12.234039
12.67375
6.674795
10.080495
11.76858
14.450045
15.291306
19.772255
15.193044
16.518919
9.345083
13.315691
16.579412
15.877844
11.280055
8.13854
15.619155
18.277601
17.124111
17.123962
9.453397
14.244844
15.086862
19.6667
13.526479
17.791492
7.839945
18.337605
16.827143
8.363525
14.434015
16.311878
15.421171
17.76688
11.621668
16.543415
17.344084
16.399696
10.047739
10.345276
10.918242
19.549883
14.416083
12.8931265
5.068682
11.350669
19.70707
14.441842
17.132885
10.115917
13.899792
17.05861
16.474127
14.162105
19.216064
18.815193
12.748633
17.87173
14.02241
5.926935
11.648594
9.235816
10.569533
12.717314
10.837928
10.731278
12.902084
4.9262524
8.121976
13.580021
16.529026
12.88001
14.116775
12.308834
16.295181
12.7377205
12.753297
14.039922
9.854055
11.47574
8.157251
21.561388
14.640565
11.443797
6.68307
15.81381
10.185684
6.4045634
10.614547
14.554392
11.690424
9.741431
10.323426
10.141484
12.243392
8.568212
15.945491
13.164878
12.961513
9.429333
10.097563
18.055286
19.834557
19.318193
17.121296
15.421162
11.901016
15.855087
17.692766
16.401653
10.899082
8.851832
14.066732
13.315344
4.5669284
12.305974
7.4909415
11.229762
9.092051
8.2645
7.728338
11.498896
10.001964
13.931046
5.5777845
12.424516
13.393061
11.576803
7.464423
20.281834
11.799687
5.406478
14.0368395
14.815933
17.045527
11.97673
13.915137
9.885035
14.003724
16.32839
18.053621
10.73468
10.133236
10.662844
13.024079
9.9022455
11.435374
9.958464
12.429142
13.998196
11.229624
12.987915
11.277751
10.370215
12.139088
10.654129
8.004759
14.259526
14.151825
13.979682
11.203518
12.898922
13.050624
14.445576
8.743729
14.552348
10.264454
19.997559
4.9475064
16.197792
11.026707
9.756919
14.029291
2.2385526
13.460602
12.878635
12.614696
9.129304
6.884766
13.510065
13.087875
8.943775
14.790305
1.282058
6.088373
10.234477
14.060935
11.10049
15.142681
13.082157
5.891675
12.518887
13.208099
20.244577
17.664228
15.725784
10.782518
6.1887255
11.893306
8.927646
7.972361
11.984097
14.423649
7.3119707
16.986332
14.685516
16.047667
11.887815
12.911001
16.879444
11.13598
11.997602
16.953148
14.857571
1.3254147
2.2893884
2.6442633
-3.3639944
2.9217272
3.8902974
-1.3496554
0.94416034
0.34685796
2.0839782
2.780703
1.2368668
4.4781137
4.3356605
4.7433167
6.1967974
1.5548631
0.8809109
-1.1716094
-0.031057797
-0.3774224
-3.5133185
2.6049325
1.213065
-2.2247088
1.4513215
0.0129005
1.5378017
0.6892469
-0.35476798
3.9825644
0.55915177
3.059291
0.9475513
0.078626044
-0.5642605
-4.689173
-2.0042627
2.9447706
-3.2706316
1.2459123
-3.7247567
-3.0961092
-3.1368175
5.83154
6.81261
1.0401976
3.0399747
1.1673595
1.6826403
-0.5498295
2.6671965
5.279519
4.8908277
-5.310034
-0.45875067
3.1242576
4.934628
1.742001
2.5572867
-1.2727282
-0.40826306
-1.9986732
1.6763973
2.4440153
3.1281204
0.7576737
2.375158
1.0453763
-0.46188003
2.7358122
1.5149295
2.7357404
0.530722
-4.9945426
-2.2377412
0.98584837
5.7786503
3.7046201
2.2733436
1.2462451
-1.201399
2.0996509
6.7100444
0.4433838
0.5513181
-0.45114607
-4.8960447
-0.8102423
-5.5756025
-2.5329626
0.3052872
-2.1777396
4.7872653
2.6556268
8.734898
-5.5703483
5.5965085
1.4115373
-0.6430714
2.4487069
10.585123
4.3563037
1.0003238
2.3753088
-1.2061276
0.6981427
3.107038
-1.6275293
2.1432495
-4.6038094
3.073441
0.3880853
3.3141937
10.206481
-1.3159903
0.68520445
-1.0591316
-4.7566767
-2.0255506
2.4510226
-5.0389347
-0.45835787
-3.0940118
-2.735026
1.2767184
-0.57042855
3.9064348
-2.095529
-5.351413
-0.3963607
-0.008335664
-1.2916573
-5.708563
-7.933553
-5.529706
-4.738579
-0.17356052
0.5661026
4.2716656
3.8361974
2.0119734
5.2567387
-5.7386913
3.8909724
4.955057
4.6728463
8.888725
3.826845
3.1848297
-0.5841475
1.4101828
2.6403775
1.3446255
1.9775546
-2.6529565
3.24923
2.8570457
3.07916
1.5963479
0.40814465
-3.6154237
-1.5718458
1.9492408
-3.7853255
-1.6676606
-5.0731707
3.552495
0.99620175
5.8756027
-0.095608346
2.4127913
-0.6352653
-0.16180259
-3.6883624
-5.4436193
0.2582456
-7.9328504
0.7810525
1.4995875
1.8406215
-0.86645347
1.8291808
-1.362671
2.4073284
4.169691
5.684478
3.9613707
3.2635472
-1.4251622
1.4448757
5.705847
4.16171
4.0745363
1.7814391
1.4490653
5.043535
-2.5908678
-2.1391463
7.0153112
2.466281
-2.1260173
3.3698194
1.7271695
5.006202
1.4381281
2.7642152
4.050759
1.0819933
1.2304363
1.0507283
3.0766706
-0.22933982
-1.3511806
-1.5847198
-3.1476336
1.7157097
-4.764232
-7.5505
-5.8339114
3.181204
-4.3075347
-0.90052885
-5.540421
-4.309889
5.0204234
0.9255826
1.7937903
-7.785759
0.7405642
4.6569757
-6.254803
-2.9999995
-2.6227787
1.4691699
-3.5513551
0.6051373
3.9927151
1.8731258
-0.9213066
-2.949626
4.385868
3.1512668
-1.5920182
-0.49468347
0.84094715
1.412056
-2.7195628
-0.40507597
-1.6691569
-4.068346
-1.5542223
4.8049254
2.4475498
-2.5225258
-4.3675046
-1.2205429
-0.63860714
-6.5142508
2.8762789
5.0727205
0.10900608
1.4713737
4.344697
-3.6675186
1.6880206
-5.028587
-0.3524071
-3.5632174
-6.688224
-2.398539
-2.3540273
2.1453123
-3.551331
-1.1286483
-7.203542
-3.837423
-2.8818107
-7.087521
-5.5767417
1.0620718
-3.512693
0.880817
2.143629
2.8267267
-2.650585
0.9071629
-0.25345266
-2.1937826
1.8473643
5.3268814
3.3624725
6.0146227
2.9861028
9.156978
1.1751367
4.0780287
7.649223
5.274622
2.5336657
7.6539097
0.54805964
5.7811527
1.9092966
-0.55099314
5.873135
4.91028
6.1190724
-2.6458974
4.2569833
-3.1659253
6.2415185
-0.62023264
1.2341931
2.8128374
-0.6641678
6.495259
6.1820483
3.860666
2.6226325
2.1984756
2.6448386
1.1480561
0.47161084
1.025407
3.5236282
-6.773952
4.172808
-3.6304865
4.623382
1.9754684
-3.439064
2.6096418
-4.263811
3.4410565
4.634539
5.4242806
-3.443125
1.6616552
2.5372033
5.047697
2.0659738
1.7771105
4.104484
1.2823862
7.648379
-0.066386625
0.3368149
2.4936583
-0.3717341
1.7706918
-5.912564
-5.8300467
1.2710214
-2.7151937
2.2690656
-2.9589815
3.1853185
-0.819511
3.399654
-2.946417
0.08557534
-3.1753805
1.445261
-1.6524894
4.720224
2.875598
11.198146
0.86615884
-1.1043226
0.8444331
2.4949417
2.1530147
5.7190037
4.242443
-3.3470855
0.8532292
2.9743886
1.5360014
0.8614659
3.9160662
6.4496493
2.8714578
3.5393977
-3.0122492
-1.9190404
4.546761
-2.3631473
-4.0290356
3.6432447
1.1566652
1.4161233
2.0269406
1.651172
5.284667
-2.5781088
-0.55678165
-0.6363574
-0.49020094
4.3745427
4.4113617
-2.997025
3.5102298
4.5470533
1.0272771
2.6565633
-2.7770336
1.609747
-4.6005445
2.9621348
-1.3464124
3.9810185
-3.7762513
-1.6013232
-1.8485568
4.359181
2.0360332
-1.1397581
1.7051139
6.3887963
6.4239817
0.5778663
-0.3774365
-2.6845033
-3.3793654
0.9016206
-0.0186657
2.7800481
1.143148
-0.054330606
0.961403
7.6895733
1.959455
3.7586963
2.5742571
-1.2675353
1.1169801
-0.63502955
0.08352764
1.1080734
6.5967684
5.7837377
-0.9828476
0.9225911
3.833332
6.318006
-3.7909758
-1.8396333
7.83612
2.4710252
-4.1760015
4.6881757
0.77647144
1.2599123
-1.0017304
0.7610704
3.3513796
8.210674
-3.4605103
-1.203078
2.376734
-0.3789237
-1.4234295
2.1405206
-2.7439451
3.2122562
9.515342
-1.0729572
6.6844106
5.1830053
4.0298967
4.427087
1.4570459
6.1382775
6.8204412
6.6611485
0.42035583
-1.7829986
8.279518
5.9648623
5.8070173
-1.0376428
2.669299
-0.3785256
1.9702331
-0.7741734
1.1156856
0.6367298
4.572705
-1.0325904
-5.702235
2.423065
1.530669
0.94431937
2.8795328
-4.7388606
-5.900713
-4.052811
6.171443
-2.048762
-1.6633968
-0.13028646
1.9170182
4.3459325
-0.12999238
-3.201712
3.743132
3.3236072
-0.67439294
-0.027645258
0.73207223
-1.0817968
-5.0544643
5.2182617
0.9302695
-5.751783
6.6011634
-5.2696323
1.3056374
2.739792
1.5940261
3.693657
-5.4411592
3.084751
10.0194025
6.55112
8.657712
3.1023424
4.411515
5.268076
3.7067442
9.443559
7.792593
5.9083805
6.142824
-0.27671808
10.6033325
5.904076
3.4203787
5.9284177
3.5322115
3.7410827
7.9534984
3.4390242
-4.1671195
-1.4641181
3.2969334
1.2189585
-0.5635015
7.7080426
0.97219217
4.773468
6.596694
0.4256345
-0.92115086
0.6081544
5.460465
0.6484112
5.1054754
12.97463
10.989793
9.093542
7.602898
2.5711975
5.1116614
9.257084
5.951314
7.7652884
7.9904656
0.8524387
5.9397817
4.189362
8.295998
3.6410613
6.748948
1.1894954
-2.2962656
4.125748
3.5767229
2.9942083
5.1381736
-2.4664857
1.7240695
-4.594476
-0.745919
3.976109
4.9851255
5.6352544
4.039462
1.5353963
3.0060008
5.447545
3.7409017
5.156645
2.8052516
3.7073703
6.2655177
2.4213946
2.1500304
1.511143
6.7702823
2.05344
-2.141579
3.322106
-4.784766
2.7363057
1.4258049
0.069168605
5.193925
5.2026167
3.6299841
1.7918103
5.2481136
4.08148
9.556847
1.6009738
3.885152
5.486765
4.9873395
-4.4403195
9.133989
5.5948114
6.8441973
3.9984002
3.95866
6.4775257
-1.0034318
-1.7195823
7.5578766
1.5499698
-2.622194
-3.1557171
3.294282
4.2703648
2.3169394
0.6731066
5.2642894
4.1379766
3.6355512
8.160333
9.453518
4.1163745
-0.9151319
4.342368
1.3974677
1.0165778
6.714079
3.0860689
4.3141217
4.2583313
3.4252305
7.9827166
2.4323506
4.0736437
-2.6279447
4.9561844
4.5937414
5.5921125
4.2671804
5.121684
0.4112887
0.051505677
3.2229483
5.9841113
9.446932
8.131254
7.8116474
-0.042359754
3.236939
1.0339954
2.9637442
0.25210592
3.9613163
2.4724696
5.6417594
4.7689276
0.11271413
6.6671214
2.4966512
2.8517861
-1.0779741
1.5280535
0.937804
5.5134115
6.3243456
0.48135254
4.8401904
0.18069166
-0.70639426
1.550659
1.3215654
2.6761534
-2.4947958
1.6784937
9.901149
-1.6210409
-5.333913
6.0994024
3.1550112
1.252149
5.3685684
3.5586085
1.5803516
2.057695
4.47017
2.9636807
-1.0493083
1.0517989
8.822759
1.9540738
6.8294134
-0.4125138
3.64991
3.9717383
5.440346
1.3755965
9.334062
7.4205747
-1.84828
2.1999967
3.526904
5.828522
-0.027610559
5.077997
5.267171
2.5168715
1.8445652
10.079005
1.0766512
5.3833914
4.910147
1.9937146
3.4896815
2.4486105
5.465014
7.6281285
2.8360777
2.4964
-2.1525462
-1.3409424
4.8628483
-2.637137
-4.356366
6.4091907
5.6873407
-5.6217184
0.052775145
3.4007058
-1.7279067
1.8232803
0.38116175
4.6232705
3.8847086
2.717061
4.994008
-0.20097367
2.926197
7.344027
-5.3385596
5.2959538
8.292464
-5.65835
0.7515115
0.97979915
2.8843803
-9.90094
0.3472182
-2.0823243
-0.2662659
-4.040437
6.2574544
1.5628867
1.7343292
-0.6633695
2.192183
4.11847
0.18592273
0.30792046
4.5210476
3.8457658
4.6458216
-6.6071477
-0.3308622
5.3915553
-0.6233521
2.5356658
4.757363
6.0290036
-1.3495979
0.12093834
7.0012655
1.2182943
1.8490417
3.7370558
1.6133151
3.4078586
-5.8874826
-1.7933476
-3.2778735
-3.6804178
-1.9392521
6.4297495
2.5361698
-0.89549834
0.2821342
4.289111
3.0045989
0.35118145
-4.2605796
-5.752195
-2.2146723
2.370293
2.4460661
2.329664
-3.470863
4.527654
8.540235
6.700376
2.5366936
1.6629837
3.184288
2.6317596
-1.3961658
9.257547
5.2876353
-0.3851846
5.3347006
8.679982
0.0591405
0.4533687
1.8431901
3.430274
5.3855696
10.272267
0.8117231
4.4490542
8.510056
4.459495
2.8966496
7.6232615
2.3341146
5.8491864
6.2168646
1.4824004
5.654574
4.217997
-1.322829
8.826869
-1.5385585
3.3418126
3.153295
6.0453463
8.366654
4.254772
9.616869
3.0473034
3.8996174
2.9853094
6.279431
1.8756051
7.411134
5.7824707
4.791485
4.1531153
12.245622
-0.16222249
4.7191234
-1.5523733
-1.3075509
1.389317
3.7021406
2.7909846
-0.95431924
-2.6119783
3.087484
2.7507718
4.078913
0.7680188
2.7774656
-1.6818208
1.528632
-4.157276
5.2001853
5.160939
3.0013742
1.047867
8.560296
1.7402325
0.84549206
5.3168707
-1.3751771
4.6140537
6.4355106
5.1214113
2.4773166
10.173621
8.797731
2.1657612
6.6403065
10.112539
8.85462
6.121751
7.7676425
10.827272
6.4045053
3.982962
-1.318145
6.619861
3.9550138
-0.24433342
9.179495
8.172457
11.384009
7.0339637
9.395611
10.892935
0.955399
7.5189505
2.3045847
4.408717
12.040609
1.5689113
6.089454
2.6019626
8.419641
1.7419645
6.9074736
1.6686177
3.2373657
10.003653
7.696751
6.761091
5.2773204
4.330891
6.8605404
7.189918
1.757272
11.394599
5.3566236
4.212279
5.3020377
8.8139715
8.421647
7.9456635
4.8876963
1.9447347
4.895816
5.0610456
6.1726155
4.194975
5.278842
2.635513
0.6476704
3.3854074
-1.3813837
1.7452501
6.9787784
2.415754
5.9362435
6.638809
9.524307
3.27747
6.367491
9.466784
6.6314335
7.7745905
5.526022
6.6658664
11.130558
4.94543
1.1944526
9.9866085
0.3337302
5.7948937
7.050153
2.1792352
5.0994673
10.170527
7.6056495
2.5076566
-0.42059648
10.554432
8.443768
8.631421
3.2846396
8.300385
4.8751683
5.2202816
5.0061116
6.1506042
0.40277988
-2.8550725
0.25588
-1.3640478
2.613747
6.888261
-0.40673417
3.2959669
5.493461
4.0431614
4.2737093
0.4987651
3.5422785
6.6518455
6.6974
7.2572627
7.6774416
4.2729917
4.4931555
4.7873974
4.1180644
3.323682
4.9472723
1.540945
2.6490831
-1.6700994
6.2118063
2.1143029
1.7186599
6.4217424
10.984394
6.81992
9.254111
7.609217
3.4370155
6.468893
11.77837
7.995489
8.074951
8.776392
10.910569
8.72637
12.028855
3.0296443
5.1427603
6.9316187
7.0493264
8.787701
4.565549
11.669518
13.793633
5.13901
5.464594
4.219564
8.404968
7.165644
5.6367426
8.568568
8.912728
9.331056
4.3756337
4.085075
10.3571615
7.9244685
9.580988
10.604182
6.1938586
8.585033
6.396235
10.734471
8.447123
10.047542
3.4302664
7.8117914
5.2690535
5.6090674
7.5450354
3.1853514
7.404574
2.3033605
3.9318137
8.671346
-0.7925321
0.33157745
6.749743
5.046776
13.208172
3.8033633
3.7167487
9.430369
2.8504426
7.8143435
13.064592
8.225631
7.7808704
4.9354467
7.8001885
7.293742
3.66271
3.182616
0.6595227
3.2469811
1.3150117
5.7220707
6.7772465
5.0840425
5.8751163
11.558704
9.381672
2.9676058
5.351308
7.9710207
2.8246486
7.904024
4.497618
6.957387
2.4688427
-0.062790155
3.5319808
7.976715
8.132557
9.214543
7.579046
-3.497799
12.283476
-1.7701539
3.6806395
10.759202
2.1982267
1.0810614
10.304509
7.8495326
1.6115825
0.72569233
4.28873
6.8041162
-2.8777616
1.6759391
6.1838694
0.85886455
11.800058
3.3203735
5.557635
0.0050300816
6.7955194
5.0293374
13.0830345
8.559103
4.2642593
8.894159
15.41595
8.649647
6.1033163
6.51676
9.995985
3.9165683
11.974187
2.7217298
7.41286
8.454282
2.5624716
1.7377369
6.266258
2.4533587
0.38755307
2.737307
2.6443217
3.0090315
4.6849074
2.5928907
8.87622
11.44991
8.723814
6.61245
5.080909
11.237091
3.067597
6.1412816
4.2421656
7.3738937
1.0214958
7.35416
0.72765934
4.029756
4.984092
1.5700271
3.4754903
10.034323
5.2865853
3.2895062
3.6914618
9.749584
0.50919163
2.537158
1.725795
11.541336
11.987961
2.8296835
22.883837
7.3683987
18.058119
16.201662
13.484941
13.105974
11.252091
13.411254
18.189299
13.826592
16.997929
16.999195
9.34632
10.679432
17.784672
15.703047
19.451918
17.977314
20.890354
22.179615
15.444734
10.871471
18.629698
10.7074995
17.347498
14.916948
18.354265
12.364351
14.301281
19.85037
22.791128
10.131495
13.651168
17.593882
11.633482
12.510649
8.100397
9.949799
11.85774
16.375698
8.608868
18.87873
18.615917
11.276718
17.257362
21.092133
13.032242
18.22918
20.138683
11.130326
18.330894
17.280533
14.730592
9.751101
16.05665
22.103886
15.154177
15.282381
14.621984
16.39705
11.931112
13.676163
13.13362
13.829052
13.763131
10.750273
21.558968
21.930332
19.209602
19.768576
12.00185
19.410267
14.588218
9.592557
8.390409
6.97439
16.993858
12.31779
16.04881
11.576672
16.069788
11.036885
12.673446
11.291693
18.016659
11.444816
12.568935
21.877977
15.836834
13.516054
18.209843
18.982449
12.779546
18.80739
12.3425455
16.92244
9.218733
8.939138
13.481278
13.026038
13.074288
16.158567
14.107886
8.964853
9.872969
9.262124
14.338344
14.764141
17.235792
15.650702
14.17931
10.89701
16.67169
14.601996
15.195308
16.364285
13.674377
18.27934
15.204876
16.760307
13.316233
11.560253
15.850788
15.190501
16.170794
15.160284
20.349766
18.043055
8.055767
10.550246
14.368681
13.851147
19.745821
16.026707
12.352753
6.2290444
15.546831
14.5355015
12.265474
11.393548
18.173464
13.761076
21.540556
17.468992
8.850515
15.658476
13.103537
9.606284
13.176522
9.553448
12.11291
13.722589
19.061682
10.588436
11.402017
19.282963
21.384493
16.187
13.679058
11.134903
13.02064
16.07776
11.101583
15.961831
15.533087
14.878289
14.143853
12.882368
16.220585
14.730056
21.70473
11.089869
10.786682
5.864797
15.286346
12.370163
17.030571
6.233408
18.000124
11.75126
20.034534
11.452484
18.10549
18.930414
13.07262
16.853325
16.739769
15.998134
18.16718
21.517862
15.539152
15.550974
11.581279
18.34438
16.278938
8.208879
18.155804
16.683718
19.26486
14.125564
16.051609
17.290295
18.20923
6.3694353
22.813774
16.956108
20.178179
15.39395
16.56177
7.787536
12.437888
14.729745
15.06861
7.621615
11.301304
13.235986
16.07098
21.623169
9.758389
19.321186
23.866184
20.646372
15.329748
14.278386
7.8312073
14.887575
11.626807
12.446455
14.997323
17.203169
11.8618
13.820977
12.81504
17.820595
13.262844
12.025517
7.266662
11.449118
10.352754
16.274433
9.946919
6.785653
11.877325
12.659668
20.347675
18.940454
9.541996
12.870627
9.209669
17.886547
16.73679
12.505151
13.831087
10.745433
16.953377
11.05888
15.167495
16.157412
12.423997
21.312645
12.606098
13.359969
13.502535
7.7389035
13.221607
14.720318
11.269237
11.560206
15.859743
19.86894
13.878303
17.469095
7.2199717
13.171434
12.881102
17.776857
17.94702
14.461847
20.43412
14.798335
15.716248
15.210186
8.948135
10.704513
15.75213
13.737296
7.9758406
14.919895
16.149105
11.223744
17.247744
16.733122
18.780422
11.1305065
21.108624
7.739828
15.566652
11.383595
16.615719
9.831327
17.643614
18.927896
16.16023
14.203149
15.556059
18.996786
6.4322634
14.159044
21.299217
16.382448
7.893346
13.831325
9.571855
10.303153
13.509403
9.512484
18.371878
16.441277
15.59857
12.75374
12.851551
15.050123
25.664629
12.644942
14.238364
11.30039
11.210181
12.041058
9.727137
7.209547
15.551321
12.841024
10.489253
11.419497
10.045165
14.282198
16.679844
17.397219
5.6112084
15.662634
11.87552
14.973511
16.433125
12.67058
12.523516
9.5110235
7.533117
4.0176744
13.293825
6.676279
14.17148
5.3596525
16.565086
15.53221
19.049713
12.1249275
11.375932
14.483763
8.651179
11.096612
15.539292
13.3328
12.4213505
8.860605
14.2420635
8.739088
5.046526
11.943573
10.149421
8.217558
9.0716715
8.646528
13.021934
7.040964
10.999766
10.966505
14.102777
5.8574886
7.5774603
18.384562
12.819779
11.31846
12.60402
11.13247
14.804429
18.170929
18.761065
13.018348
11.927044
14.280352
8.729935
14.445359
18.080658
21.031359
9.146336
13.7486105
23.57065
14.380574
22.20293
15.933097
14.980933
12.570883
9.47487
21.495531
15.815268
16.317253
15.486562
10.702035
17.794964
19.71309
17.752829
18.79627
16.741644
13.793448
18.743595
16.639008
18.752918
14.267885
16.92242
12.039228
16.116154
17.15566
17.064354
15.605021
12.432448
16.550854
12.720231
11.350981
18.877033
16.300026
15.46513
16.462074
17.354582
10.385655
21.28918
17.726074
16.25192
17.232262
14.777213
14.508606
12.650227
14.489961
19.070835
17.805706
3.0728567
9.45597
13.148197
12.516021
11.982331
11.702674
9.811579
14.553837
13.133477
12.791768
14.566421
8.415867
8.29146
15.669453
5.3033524
5.5634604
12.304907
9.553391
5.24043
12.684401
-1.2065258
4.7957907
3.4641736
11.692552
13.738159
10.171871
6.7734632
13.079945
9.467338
3.2004294
10.789226
10.446548
2.4762568
11.683214
9.227086
11.455368
7.666529
14.708327
11.271678
13.561624
11.030702
4.7517014
8.414148
10.602225
6.052123
16.06223
12.224628
8.486202
7.825524
12.265177
7.2459645
10.31635
11.297143
10.980514
12.143143
14.708008
16.536102
6.5668797
9.875353
18.912619
8.078744
10.54865
13.412107
11.431008
7.753406
10.537318
13.230131
11.522991
8.689595
8.639237
12.385261
10.963262
10.465565
14.025811
15.073424
15.163304
14.038497
10.850054
12.316488
9.58001
13.720531
14.062222
16.988127
7.77065
14.615239
6.9399567
11.449778
8.273664
9.744346
9.56358
8.910125
3.420733
7.7707777
10.900303
14.614907
15.524586
13.918389
16.554876
15.383904
9.340406
15.920046
16.827776
14.929307
13.687668
7.5693483
13.29128
22.131573
5.711008
16.397005
12.345878
11.281417
19.09328
6.6280494
7.1313257
17.513872
12.723057
16.146954
16.7437
13.135372
10.626029
8.644747
7.3793283
4.2279897
16.227852
3.9142952
12.220697
12.959595
8.166809
3.1935027
17.068298
12.658616
16.306099
16.08176
7.210045
11.548482
10.307134
11.256598
11.471165
23.59806
12.170393
9.168778
14.376988
9.245346
9.984713
13.158381
10.792728
9.63111
16.266396
18.5144
8.102408
12.106389
3.5160165
16.166836
5.0014234
6.89169
7.4575863
11.073094
10.375629
5.9988484
7.1294274
6.3986764
4.276891
12.39439
10.738305
11.077325
7.4781985
15.965652
18.587347
14.318688
11.552652
12.289654
11.019429
10.865966
12.536042
6.2167134
19.18704
6.4625144
0.27950242
11.095262
15.092338
5.3123007
15.427855
13.389998
13.868096
13.854119
16.047068
13.724024
5.3970065
13.339523
8.0685215
11.3631525
21.155823
9.397793
13.004943
13.115508
12.116568
14.329644
7.87381
16.721159
6.5331845
11.3856945
12.91529
15.484736
10.917008
13.68781
9.586176
9.21495
4.7941055
10.434154
11.31185
9.756602
4.6737237
4.8958664
11.55309
12.089182
11.422087
8.073432
10.458808
3.4010408
3.987969
9.297087
6.193183
14.740902
11.859097
8.172425
11.846632
8.823145
12.261698
17.418669
12.56003
13.109395
7.288511
17.813005
3.2545383
13.817898
6.7280326
9.586948
12.235699
13.107514
6.136391
11.934612
8.659193
7.7124906
16.229774
13.83836
13.447898
10.902401
9.163802
8.75673
9.719679
10.802992
17.96306
16.414747
4.4621024
8.435347
6.206609
8.739989
7.1408796
13.907473
4.1064706
11.377071
9.13137
6.954521
9.871867
15.092683
11.286377
10.481167
9.907691
12.5546255
8.321293
3.4027698
14.422358
8.575265
16.171803
12.735168
7.2853417
6.5229087
9.163153
13.401258
11.510499
7.1822696
11.707203
5.6735225
13.703777
12.265207
11.442799
7.2225666
10.566522
9.237161
4.9610944
6.419998
12.934103
6.449725
9.230531
13.621683
13.555573
13.170233
7.827143
17.876614
7.936066
20.11224
14.016765
7.7651825
12.304692
11.341033
13.427924
17.710085
11.136964
4.8406944
15.04325
11.86082
10.622868
5.226014
7.9185443
15.89177
12.854015
6.517969
13.206544
7.6915293
12.9349785
7.468689
9.133253
5.673391
9.210046
9.234075
13.080229
11.649435
10.099073
7.1710534
11.654561
3.8612695
8.397394
8.570275
12.327623
3.0709403
9.519358
9.32872
10.323565
15.166826
16.236397
5.40048
11.763192
11.882711
9.298948
10.161538
9.97751
11.2231455
12.092803
8.009428
10.198678
7.2845263
7.566897
6.9457235
7.1808705
7.679326
12.253126
10.9649
6.373176
14.537288
10.5127125
3.1577554
9.4011135
10.527929
12.814301
5.6269107
12.211787
12.469832
6.2181706
7.0837383
13.700694
11.207728
5.313448
14.772318
16.415323
8.714088
7.6892023
10.970242
14.687448
11.578996
12.422268
15.655415
7.1692505
11.772587
7.2783766
10.984801
13.160171
3.6850157
14.593801
12.484892
11.10399
13.803712
15.289349
10.721792
8.429554
9.699684
11.056251
11.501271
7.627198
5.370785
9.865236
11.648434
15.059556
10.802887
11.984748
6.47749
7.2668357
4.8271422
9.5789
8.950946
10.652644
7.0056024
12.914736
8.627948
8.337917
12.288418
10.252905
14.651428
1.0847929
21.304832
11.288503
5.8386416
8.612011
14.504488
9.106437
8.174227
10.83982
5.8860273
9.521322
7.984677
12.836779
9.837265
9.629798
8.293219
10.119912
9.625595
10.51229
13.895772
5.6404138
0.79268676
10.460881
10.116616
9.837291
11.144392
14.797588
11.973932
9.83533
10.702042
12.478878
9.241558
14.02644
9.955369
6.8601766
7.882736
3.7523363
10.953308
5.6520596
15.52085
8.082041
3.8000696
5.626857
5.556363
10.280666
2.611689
4.695704
16.061619
10.484058
12.5053005
8.431372
11.032796
8.633713
15.320173
5.9190555
4.9878945
15.00749
4.0839715
9.962683
11.752512
10.293888
5.097997
8.22213
6.6563983
8.728301
10.108407
16.147198
9.855061
10.5827675
14.414397
8.573829
15.889827
6.020625
13.725315
12.919042
15.914245
4.8227334
5.3927836
7.9954023
6.7920475
10.309284
3.4570894
11.583715
4.317712
13.136015
11.735589
5.0526395
11.330624
9.361166
13.871082
9.435617
4.6811986
13.538102
9.015566
11.789912
3.0878644
5.6877856
10.326228
12.097358
7.1013455
9.384147
12.147404
11.167965
4.1122723
11.907386
14.0595875
3.7702687
12.956188
8.671778
4.8633585
4.650767
9.713779
7.8858204
19.864279
10.394144
13.534056
12.414835
12.150278
12.593138
7.683709
9.229987
7.514611
7.829061
13.60022
10.982824
5.5883307
8.785145
8.738955
7.7507076
9.093938
7.11435
12.364585
3.72767
4.5590405
13.154861
7.1593804
10.801361
11.604248
3.6238046
11.708959
7.3442283
11.941121
4.862102
8.384051
6.138065
7.1988144
15.825271
9.185906
11.748513
8.961552
8.540888
10.995011
8.407401
9.53665
8.24974
12.522323
13.722918
11.95427
3.4341114
11.311665
11.543787
11.965353
11.971726
6.9110355
2.2413218
10.062002
11.43034
10.393245
6.7939906
2.793154
11.601201
14.173145
10.217967
8.301863
12.383851
10.286342
8.903231
18.301699
7.8973184
8.854727
7.54775
12.211458
12.368551
10.047236
7.579287
5.373485
6.957161
8.912343
9.341805
11.793107
10.853805
15.8071575
10.422329
9.1530905
12.526657
12.278925
7.9021473
12.527353
10.157053
7.173937
5.8460064
11.342609
8.591604
11.51085
8.382048
9.484702
15.064104
12.252356
13.303145
12.9123125
8.790008
14.679182
11.864961
9.893483
12.811602
16.440228
2.9356565
6.553784
14.871552
13.21613
13.147442
15.590181
8.795104
7.92112
9.715412
8.861573
6.4176874
11.069067
5.930507
10.007954
9.015556
11.167033
4.676547
7.017039
12.264416
9.413362
9.218218
11.682007
13.090461
10.64647
14.153784
10.383617
15.894065
12.950012
3.5445697
7.628649
12.083863
8.965888
5.3719106
11.436624
7.9189434
9.833491
9.414648
8.582312
15.535828
13.104372
10.100906
8.279638
6.8814497
12.490204
3.7900615
6.8722043
10.458239
6.671976
9.922846
11.431417
4.0749393
4.715765
12.233179
7.745366
12.052729
4.7785077
4.51591
1.323749
-0.023738531
6.803703
5.832265
7.6285505
8.710911
11.488132
8.172461
7.082926
7.0877614
9.574313
5.880383
7.8345256
9.454508
12.958419
5.536512
13.677555
2.9866145
6.9168324
9.461932
5.423895
19.058817
6.992113
4.5813875
1.3795838
3.0706458
2.9055839
7.4938574
8.902923
8.1889515
8.513945
9.060398
7.009878
6.899444
6.330881
12.168221
11.642283
2.2421489
14.407534
10.712416
0.4213963
3.4666727
7.379337
6.615776
2.7538743
5.5079412
11.800162
5.526589
6.9478674
11.053496
11.8133135
7.6573224
13.273738
14.525822
8.9074
7.276622
5.688014
10.526856
4.8243847
5.2073646
5.7245855
7.316609
5.1214423
2.8509903
10.464565
1.5154604
7.2183485
14.046816
9.132353
8.76446
14.204442
-0.5897763
3.58121
9.771844
10.735835
4.950346
1.5404481
4.9629946
7.268624
6.808525
4.7226324
10.876444
8.493602
5.859351
12.113749
10.05154
15.539547
7.602687
4.298465
11.185309
9.571043
8.069988
9.547237
8.434221
11.726894
7.917973
7.300604
3.5264294
3.0240047
10.569094
7.653237
1.852412
3.3851013
7.1436734
9.357581
6.963307
6.631513
1.4531972
4.7331586
2.791561
12.45689
11.611581
4.5749063
7.932266
3.5768015
6.3627005
8.843481
-3.1536982
6.2067127
10.875471
1.226513
1.5248901
4.319081
7.2610006
6.5056996
8.884443
8.898748
1.1369048
6.694061
6.7761936
6.0855484
7.8030515
8.037571
9.483117
12.108705
11.364114
6.1964064
14.267659
10.382697
16.506739
16.787365
14.691838
18.56195
14.036846
12.024157
9.877162
13.025507
11.518559
9.771789
9.222725
14.644024
8.039997
11.783297
6.5089817
11.794474
16.932386
13.372204
22.43679
18.962273
15.080583
9.387522
15.427135
15.046129
11.70907
13.656477
9.603955
13.290938
10.78454
7.671558
13.367146
11.982188
13.611248
11.159857
13.576551
16.510403
11.038992
12.900359
0.5684346
12.567999
6.2360053
7.8979774
11.356925
9.594721
12.520372
5.6050773
5.9868784
11.393703
16.476572
17.197392
16.002316
8.114289
17.096714
12.391424
12.639943
13.182724
5.6239753
4.261366
8.070471
15.56746
10.638779
10.991073
12.633602
11.552649
14.247045
11.821473
9.0313225
12.186758
18.067854
13.919597
7.518887
15.588665
11.02271
12.498301
5.6982427
18.51446
13.994644
12.897271
13.767954
3.0396588
16.465605
16.109991
10.90455
9.239529
11.7068
9.110664
6.822713
11.527208
15.500147
16.955627
7.495301
9.213484
3.8876595
3.6753073
13.46049
9.59189
14.975316
18.286491
10.606976
5.624703
14.648904
13.048758
8.905916
6.1865177
15.772927
15.254118
5.232834
16.063896
9.052194
9.976272
15.935853
10.222347
11.675347
5.1232224
8.909201
10.049421
8.948166
12.670755
12.474691
12.583772
11.955118
11.111116
6.2737837
8.732402
7.593368
2.0961554
5.651029
13.451228
6.0814114
7.228113
7.0904474
3.9480891
8.813211
14.046203
5.716866
0.18686852
10.903039
2.5292928
2.8399096
9.4198265
5.6867566
6.7227354
12.439376
7.5093527
8.70659
4.97232
13.583212
4.985226
1.8132133
3.2850587
9.375859
3.0477753
9.17088
4.0126905
5.7873163
9.365437
5.1356707
10.581365
10.952662
9.104105
15.336064
11.622004
6.9282055
6.839417
7.979688
5.5105696
1.644774
16.200544
6.3595457
12.755938
5.4142685
15.837107
19.619574
14.044874
10.762202
9.880761
4.588724
11.111904
4.6229467
3.2913191
4.8506804
2.5009546
4.8477826
9.330151
6.914362
10.84569
11.073869
5.4068537
12.321538
9.169796
11.798843
13.075258
11.373208
6.619599
14.004313
13.972829
5.677949
9.928075
7.243582
7.194349
21.045227
13.754008
13.848997
7.089758
14.047876
19.824974
13.034984
16.302433
7.063936
16.360289
10.799084
15.244116
11.907038
10.007142
16.501951
13.207931
8.499912
4.3219776
4.2784243
10.265289
9.031941
10.011065
7.4237103
4.2430124
13.112047
5.461904
8.776564
14.185506
9.560976
7.7110367
8.458933
10.325923
15.719423
13.633521
10.751312
8.454344
13.250403
4.1994615
0.6981122
14.059011
3.9470751
1.5559576
10.535058
11.545259
8.142781
9.102897
1.7975504
5.3995714
9.087218
14.386357
8.056551
9.1604185
3.4546244
12.097407
7.2579584
13.430988
8.174908
10.130503
11.798438
5.104882
8.491332
11.053584
14.296154
14.8384
13.344789
13.738673
9.527932
9.627697
7.669042
5.073408
15.077264
8.9898615
11.235587
6.2834997
15.749444
13.296229
16.003773
13.967452
9.343729
10.35884
8.42317
6.3838634
11.789342
8.289807
11.750492
6.691955
10.191972
10.795884
7.0355024
10.576746
12.05364
3.291278
8.276514
3.1704721
12.824174
11.132055
6.2630777
8.71543
6.166118
12.804961
8.995604
3.926988
6.969291
3.435533
11.622762
10.505152
13.375675
9.486179
14.439016
9.214392
7.382294
8.876963
14.313648
13.153805
7.0842366
0.94809425
11.211419
10.648387
5.5299373
5.3086166
8.802061
3.6679335
6.84923
9.237706
6.4446726
8.683116
12.613047
14.433664
6.6869726
12.634147
9.302374
2.7661312
4.602396
11.873179
1.3319951
11.145442
13.0977545
8.45611
9.53609
6.8207803
8.263879
7.3728485
5.0506744
9.251064
6.076411
7.332692
7.7107944
14.694698
9.5511
2.7892659
2.8270338
3.4121525
10.213172
9.738653
12.683765
2.8873549
1.5262679
6.7050705
11.758306
2.194979
5.9785614
12.548928
8.493853
10.880579
4.553455
7.2925086
8.336569
8.620187
7.2414346
8.622658
3.9531412
7.2002363
10.112448
12.633903
12.962122
3.0589652
5.9103994
2.2623868
10.790333
1.5379767
7.7682486
12.43596
9.842561
11.496777
4.6375647
0.1352743
12.290527
5.1182156
-0.9598367
5.9271793
10.562267
-2.7390826
4.5203776
6.3604126
12.250881
7.847934
12.696076
9.222162
7.5544057
10.723753
9.851727
10.580982
10.253798
12.341959
13.692817
2.9643717
12.331412
-0.06845819
5.2360353
12.925696
5.345311
0.75881916
6.7143545
7.095835
8.807816
5.0159683
0.68192804
6.3045673
6.7355366
15.0373125
13.548861
7.8893
10.19377
15.157419
11.875657
9.14144
13.1086445
5.690463
8.333358
10.721467
2.7118025
2.5684638
14.369597
12.490902
10.17918
11.495507
8.1136055
9.264022
2.0185003
3.3529913
3.9801135
15.699341
12.82184
3.1600096
8.610439
4.06712
7.9763713
6.7055283
10.278488
9.698947
3.925354
10.366387
13.265222
10.786063
15.361037
10.804582
9.884406
8.82143
9.550918
16.715351
14.236935
18.91789
10.892354
12.841928
9.821234
13.939565
8.612
9.18061
7.473185
7.452345
9.547777
14.902413
7.2134604
9.001098
1.7752513
9.9819145
11.641871
10.683477
10.104876
12.255018
10.825921
14.844467
8.978234
10.581504
4.3567157
5.6676707
14.483911
6.5810885
8.260038
10.764108
13.896607
14.601403
8.009423
15.3146515
12.783027
11.994833
14.868871
15.816392
11.488272
12.235365
15.645558
17.106108
13.623331
14.165028
15.047344
16.506773
11.967119
12.478388
15.763353
5.2527843
14.226068
18.743425
7.966527
11.226368
13.820909
14.936141
11.959184
12.829352
8.363859
10.545009
13.435676
15.001102
10.576606
12.217874
9.064697
13.734014
9.704983
16.149416
10.599239
10.875788
11.297043
6.3825145
14.578279
9.015271
3.2381532
4.267843
15.3589
9.584182
10.1105
10.791883
10.595338
14.475846
3.5683277
7.6873527
13.405538
4.1222563
12.669418
11.701044
5.7052536
7.8396807
14.851004
14.743677
12.139164
10.369264
21.844973
11.832681
9.559358
13.256841
11.712514
13.872813
14.495487
10.102798
11.494171
8.865234
12.439533
13.051777
6.7438197
17.228073
12.133717
9.269704
20.021135
16.004581
16.95467
13.520802
12.953629
11.572259
13.798817
10.602037
4.64245
6.0827017
7.3668203
17.913074
17.394207
8.721165
8.300827
6.028037
5.1107655
13.66003
12.845094
10.280115
8.562309
12.273904
12.085827
10.056091
13.277744
10.197733
6.801978
14.369537
12.19906
8.6295
9.175091
12.785577
11.409586
7.8294044
2.730295
5.6755795
8.15323
9.577544
3.735596
11.744681
8.795806
8.532853
7.9346433
7.0832314
3.0961077
5.7359653
3.6638868
1.4887688
8.889038
11.03721
12.867178
12.44257
7.4949856
9.463542
12.164946
7.82559
3.9723704
11.67031
13.241522
9.719952
7.8075414
9.871827
8.770673
14.881139
-0.19543098
10.634031
9.734005
9.40747
12.82833
3.3118703
12.231378
5.0025744
7.23569
9.903678
8.591693
10.649301
13.389531
11.113862
10.431056
12.703907
7.7537317
9.665029
7.42409
8.788187
11.181845
14.479562
14.489394
9.197366
7.0047817
12.0539875
13.174094
12.512274
7.179832
9.373445
11.847865
11.459813
10.92846
10.553004
13.123361
11.383694
10.53615
10.329209
12.994507
10.297781
3.6766264
5.9260144
8.705037
13.537153
7.5366893
13.0737295
5.452751
12.179921
8.917554
12.310793
11.551819
9.369357
16.18915
14.074833
14.005999
13.405732
14.68106
11.188902
15.465475
12.118896
4.425138
5.878598
9.666694
10.124304
6.5178747
15.683004
3.910722
12.003841
6.0765333
12.056646
5.167148
14.564599
20.03799
19.754068
12.260528
15.990167
15.899002
17.896784
16.75987
19.756517
19.925331
19.439423
18.444908
14.896581
12.396379
16.560184
10.790543
13.737849
22.065376
13.832754
16.614092
13.087745
11.335333
13.226649
11.274492
18.867855
12.834367
6.9209843
10.950603
9.479163
15.36815
15.446463
13.93009
13.263871
19.156334
15.676597
14.73124
18.304544
17.744125
18.990105
9.201299
16.625124
16.940245
13.836039
12.584199
14.389304
6.3123617
9.390695
13.877158
13.508428
12.861288
18.869942
9.30491
10.703759
15.868323
14.766184
11.289383
15.540797
18.64174
14.688238
8.513483
9.147942
12.917965
13.915322
13.306112
10.453624
9.000092
11.846507
13.429852
9.396319
15.376689
12.596813
4.8816524
3.5521111
4.261371
7.035558
9.08409
9.443215
16.295591
6.2887278
14.682819
5.3314867
3.8283715
7.6918235
8.237967
8.207984
11.277155
6.1242924
2.4816687
6.408019
7.166731
12.902798
22.04558
14.775227
15.186108
18.38401
13.324633
11.10561
12.036869
13.122465
19.805122
16.925411
11.674373
11.68332
11.389801
14.154109
9.576075
15.071122
14.868215
8.956396
11.66548
13.327607
6.341082
4.711102
7.399679
12.319512
11.640616
13.64595
14.129837
6.330038
11.256759
11.579113
15.501944
11.557369
10.856997
8.864827
5.7523065
10.417728
10.936804
8.498065
9.702871
9.466301
9.261103
9.26214
13.5169115
14.7403965
10.417789
10.797201
10.70232
7.5104218
8.822432
7.443222
0.42500532
7.9220886
6.7537746
3.0477152
0.7687819
9.307357
14.375083
15.383699
14.460115
8.023299
10.640316
2.1898437
8.526407
7.184406
1.0884008
7.542111
14.445612
12.371486
7.4041853
9.271553
7.459468
14.038137
6.855363
7.774519
12.65826
4.24881
-0.6586829
8.321362
11.20514
5.5471554
3.1660585
7.830328
7.921974
12.1620245
19.449678
18.578737
16.850416
18.871868
12.991747
16.399132
20.527073
22.01559
19.545006
22.139065
22.346478
17.26538
13.9795475
16.722475
22.538486
14.086069
14.849816
10.708967
13.336144
18.246122
15.513617
19.915733
18.008131
13.482132
16.52787
11.145965
19.91166
16.366024
16.942204
17.316658
14.264167
17.700413
23.227774
13.438872
20.252836
18.843666
18.1311
11.35975
12.8882
25.041842
23.387886
17.954115
21.76219
15.192912
19.880606
13.983424
19.101908
10.950375
16.70777
21.9805
16.950544
18.641415
25.597685
14.382059
16.94435
20.037506
17.59735
14.682129
20.155159
17.264645
8.4347925
10.340453
16.691172
15.540639
14.18596
17.26256
13.7192745
15.465057
13.048838
20.031456
19.860527
11.081118
13.756738
13.455494
17.00395
13.397526
13.859173
14.535017
14.397619
10.742003
16.224976
17.186588
12.098084
16.181858
16.645033
18.946478
21.334103
19.140501
12.159039
20.672047
18.89934
18.427837
17.49899
17.128448
24.635149
11.863464
12.86882
19.263014
18.60081
22.663948
14.1122
17.214813
12.346084
17.714802
22.55658
11.42538
15.708284
-6.4803395
6.553954
0.5063306
4.1346765
5.8011146
7.709323
6.0132904
12.568722
9.088784
18.888512
24.612337
27.338274
16.011415
21.431622
25.653164
31.213432
17.127739
16.804634
-6.753898
13.258574
15.530671
10.8804865
19.558819
27.04014
