2.311621
8.830898
3.6284354
13.113902
13.459169
12.224406
10.624335
14.542099
14.952104
8.375428
7.3773265
9.047456
12.317919
10.323838
4.6598744
16.361961
14.642432
11.237279
10.772422
15.163482
10.895766
6.9151044
5.933799
9.832555
9.163937
5.6447215
10.8049
3.1747184
8.583143
17.109896
10.209599
2.5314255
14.047002
12.916039
13.885026
7.5917287
7.375778
14.373971
13.561402
10.296111
10.676244
12.212828
9.077004
8.473844
6.2723303
16.317562
4.120484
12.582083
13.930851
11.796713
0.68013656
5.1433535
6.3309026
16.784618
3.437996
0.1555434
8.032192
14.722525
9.159933
-0.29898423
9.607896
8.311808
12.95435
1.138858
2.9091327
3.5223365
6.565725
3.0390549
8.75507
3.5606198
9.960927
11.387911
11.5561695
1.6574352
3.5741568
6.6984177
2.2865865
10.309205
12.140043
4.1375546
18.08209
5.3809843
2.854065
12.075599
11.528824
2.3794634
13.651918
7.3940387
9.505701
9.403796
11.267015
9.065371
11.343629
4.6521387
10.266567
11.143723
11.262346
5.6871233
10.337645
20.794668
2.5780172
-0.4628808
13.196549
10.4873905
6.0738373
11.855572
11.6713705
5.2322574
2.9234133
13.95893
12.348461
9.882904
10.160856
2.7957895
-2.542425
4.0984783
7.751205
-2.0497496
9.862725
10.594537
12.670572
15.081171
11.765913
7.7792873
2.4922748
15.92651
14.459603
14.381018
8.873901
15.223353
15.001084
11.673318
16.676958
11.963226
19.48797
16.373844
14.121306
1.3220538
16.05489
5.3494983
7.9602613
16.995192
4.97729
10.647384
16.748985
15.761741
3.8639283
10.42315
4.7027073
14.61461
5.8345213
4.9734554
11.85428
0.04822766
8.147431
8.053216
5.6271396
8.281442
12.915502
12.665033
11.136551
10.300846
7.417631
14.312071
12.627604
13.894469
15.421566
11.774602
9.797359
0.43445423
2.0947611
6.607074
8.03026
14.517761
5.298126
1.1523062
14.7520485
8.079864
9.791391
13.895089
5.1859307
7.702469
-1.6541816
16.667171
18.325113
18.66573
11.1953125
9.73247
16.280697
16.365429
16.010885
13.729287
17.560814
15.500421
16.22493
11.040685
14.11177
13.082888
14.720887
16.394564
7.8946524
7.1180515
11.948033
14.32654
13.894782
15.7091675
7.913068
13.065298
15.2598915
20.264698
9.828478
14.273871
8.938514
12.347896
9.969062
7.6881986
10.483766
8.551868
16.910099
7.615849
5.314689
6.3994083
9.06209
8.592016
16.714403
19.727694
9.632742
16.852592
15.854503
20.441319
16.905193
14.478775
16.58736
12.721159
6.750327
15.764903
11.243504
23.712648
16.64832
15.406098
10.427842
17.784565
19.74247
14.049419
21.034746
11.724344
18.022392
19.134874
17.391365
14.159892
18.86146
13.841839
19.775879
13.536611
16.230488
8.773359
15.348749
19.440836
18.612282
11.180706
12.110441
13.526041
9.74676
11.946943
14.127309
16.39864
14.341894
12.165255
10.542536
11.134618
13.934655
14.059677
13.297253
9.123111
12.012063
6.632397
13.742746
14.964975
13.895723
15.865175
7.1264977
7.9881167
17.452301
16.488049
17.068306
9.889007
11.943458
16.032545
11.015862
10.551428
13.046251
7.4719667
2.539387
10.327061
14.4834795
15.24777
19.112566
12.657414
12.834342
12.867657
11.7012615
8.90343
7.0839353
8.2692995
12.13329
12.895491
18.137056
16.371733
11.136686
12.131328
12.7444315
5.4382634
13.9416
13.66619
16.268484
17.843864
9.940414
7.995754
14.300294
5.88438
17.125889
11.855589
18.950096
17.625904
12.184159
11.567934
15.177578
13.220803
12.2155905
1.4146316
10.938584
14.440113
8.681903
7.723567
15.978226
14.629176
17.159779
13.955978
18.343227
19.710651
21.319815
11.360514
16.375673
18.041792
18.28755
17.440838
19.097204
7.937195
6.6392035
8.413086
4.209155
12.289734
6.207842
20.502045
10.345488
21.160261
13.0872555
16.77958
7.747454
14.823393
12.48551
14.096914
15.266819
12.806697
19.378557
16.876518
17.479069
7.47762
12.14355
7.3604407
2.2409697
9.475866
9.773728
0.80431646
9.4807625
8.195016
11.687773
15.289781
13.508947
14.129796
17.333454
21.092186
15.959608
14.005422
11.809815
21.308361
13.495948
6.176185
12.247264
7.986949
10.311197
13.680373
12.958709
17.194994
15.294236
18.761906
14.087096
20.859398
15.418996
15.3612585
14.24713
22.299242
12.728999
15.17806
23.404907
17.080223
14.723634
17.290874
16.90821
23.31361
20.80618
18.463894
19.386658
17.35591
24.68106
22.481373
15.846963
21.445269
18.760094
12.74007
15.631588
27.252655
23.833193
15.968987
19.446978
19.512579
19.310408
20.116554
19.5096
12.685345
10.24623
20.997551
12.563486
17.71574
19.379305
16.002195
8.610498
10.492394
13.704786
19.014565
14.840149
19.440168
20.372957
16.030407
14.200581
18.179749
27.781372
21.074442
10.419255
14.179623
22.341703
14.339357
19.532305
14.7835655
15.072878
12.568935
20.421913
10.131916
16.139038
13.012949
7.1221323
6.8407207
3.8499246
14.836207
11.73288
11.809076
16.834648
16.155687
28.043962
18.613617
22.61025
12.489725
11.747126
16.688398
20.866446
12.550615
8.597892
9.690477
7.938033
11.210402
21.552565
17.343555
15.03069
16.06204
17.99474
14.577997
17.692
16.204098
18.547916
15.225056
17.286798
13.269466
17.225847
10.57988
11.543407
13.493313
12.305638
15.085756
6.987132
13.626688
17.30199
12.871291
13.807649
15.740275
22.62279
14.034394
20.633263
9.3482485
15.0831585
14.510004
10.031101
15.117986
12.844938
7.4310007
22.51538
18.292412
-0.28375039
9.310293
6.8712187
4.8180304
16.881523
12.907379
16.88781
8.3918495
17.123947
19.936464
18.326952
14.462004
11.9555645
13.784743
19.63016
17.316093
11.560786
10.594549
12.506074
2.8078394
5.8251143
8.614778
4.4487185
9.092535
4.7842927
9.14009
17.681679
15.906595
12.401762
13.807959
14.400391
15.409389
10.546565
11.128244
15.989196
14.942847
17.6921
11.087884
9.020639
10.826334
14.15868
22.339691
18.385124
13.696021
5.0879464
3.5862744
7.6592174
6.979142
10.319784
12.366156
2.880074
9.018155
11.230978
7.947963
10.593569
9.231899
4.2197323
9.422225
8.409308
12.181981
7.5846186
13.229701
16.599833
19.359957
4.6011343
11.995924
8.988165
16.16955
12.718601
7.9477053
16.506989
17.31138
11.734176
1.6577957
9.161637
5.124146
12.815724
13.932012
14.597087
12.460435
13.080656
10.833851
14.79039
12.20978
9.030115
11.083062
13.215792
7.144748
16.890448
12.458515
12.177751
15.579368
15.340595
6.2105308
5.5942297
12.774697
5.220171
10.699718
8.501723
22.324272
20.788017
19.890102
23.861233
16.868217
16.790707
9.172403
18.882206
13.6989355
18.257662
14.32633
13.938723
11.745785
12.053425
18.654905
20.995975
22.618956
20.624607
20.447975
16.870007
14.555476
18.169075
12.292007
12.524965
21.11952
10.835619
11.621667
15.473982
17.911568
15.9621935
14.178903
18.219578
22.363228
10.205612
18.305752
20.090353
16.907532
15.66443
16.869125
18.392416
22.778591
22.00546
22.855673
13.009537
24.466007
15.500556
18.312103
20.655138
16.198122
18.067253
20.483196
21.910257
20.608885
24.606487
23.34019
19.367485
18.711147
12.919418
12.896587
20.036264
12.683663
22.253014
13.623897
8.831248
16.825893
18.39175
18.764769
12.619303
18.986446
18.965446
22.365488
14.098007
9.032916
12.347698
7.2536693
10.449843
16.869808
15.410607
20.912657
15.017382
13.368657
19.665392
13.811225
9.270979
12.794301
11.736038
8.883437
14.204376
15.365133
4.2784076
8.473862
11.643901
10.32933
7.6317434
6.867509
10.190744
4.348707
11.184373
10.525457
14.448389
12.374983
12.642395
5.6248965
3.7446115
2.7536035
11.023536
10.113321
4.3733335
19.669874
14.83761
7.8471136
11.722027
3.8199484
10.200898
13.200343
3.908183
12.25197
13.916281
5.727171
16.209127
11.673898
14.954925
4.691734
13.422552
13.859585
19.055698
6.1974154
11.46705
12.317687
8.20454
-1.3160651
2.198094
12.2123375
7.2452207
9.242372
3.0943732
4.8996477
11.973614
16.09807
8.135749
2.569676
16.116795
10.108307
15.90943
8.994084
11.97901
9.051577
14.865404
12.706284
8.345034
14.8239155
11.128454
5.0889335
23.942608
16.464828
11.987768
9.393023
8.972527
10.400774
8.870314
-0.28020352
6.3935065
17.34996
12.9958
20.02468
9.689078
16.757359
4.0506883
10.663081
3.588378
9.054772
13.533992
6.550414
17.116327
19.893848
7.516625
3.7794337
2.618973
10.326116
17.033846
13.080677
8.3926525
3.2832456
-0.29889768
6.466239
9.968049
15.536724
9.580393
6.437438
12.46697
15.316611
6.5793915
12.200804
6.4433346
12.517076
18.18253
9.79063
4.74235
10.534933
13.514648
10.067598
5.716734
13.870771
19.514595
5.9233236
9.576525
12.999492
10.248659
2.0934892
10.349333
6.364541
9.745397
22.336006
6.512469
13.295417
21.01073
19.185905
14.292806
23.48346
7.512866
8.346776
9.0337305
13.093324
12.618092
6.4783077
9.318103
8.055307
8.349163
15.794481
10.7594185
6.572723
3.9661634
7.49308
15.598797
4.305821
11.332724
14.338299
10.105055
19.334435
7.761859
13.064721
11.473814
9.493465
11.077841
5.707878
5.115943
8.773664
6.4738965
2.160502
8.811385
9.884704
9.228931
10.301393
16.78809
9.767229
3.33738
4.4721885
13.626541
9.886179
9.145167
5.899534
5.804528
11.939056
3.326477
15.784679
15.697279
15.349572
8.528459
12.429773
12.187583
5.7305765
14.448759
7.7793875
7.204961
14.167811
11.46059
7.8391027
12.674739
9.820368
13.437845
17.05426
10.383651
8.047056
15.062821
2.9860525
11.485005
15.388136
20.886404
18.919935
11.210201
14.285508
12.890496
19.344334
19.940218
25.288897
22.087088
9.897478
14.87219
9.986856
21.434566
20.257158
21.349827
22.393818
10.39473
19.384417
26.190998
19.68877
20.272198
16.192375
17.335398
12.48177
17.66266
15.99636
18.090956
12.454316
17.528309
17.384386
18.57911
10.579566
16.188433
18.449251
10.502015
17.185167
16.756243
12.293733
15.957188
10.873317
22.42818
13.590663
7.01999
10.063951
19.893675
15.396576
18.678669
16.345438
14.7248745
8.629439
11.826227
15.07993
15.776325
20.384521
17.410961
9.631993
13.394965
7.8637085
16.799515
4.6173306
13.226206
12.45731
22.195915
19.704695
17.394756
19.994099
19.855032
18.216938
21.402596
12.059241
11.695253
12.823548
16.804678
9.587604
20.582928
21.941195
9.004271
16.418135
16.910427
14.218096
9.194782
13.724682
18.362185
23.944216
28.307549
10.729837
22.299055
11.487594
17.478762
14.137438
18.0057
17.548214
15.403224
19.395517
18.411093
15.519754
13.242357
14.115157
20.345045
13.310601
7.0204706
17.128925
12.375676
14.77082
16.423418
19.92699
2.5897448
15.867357
18.733126
12.977755
21.638996
15.613327
9.619294
14.128599
13.030074
16.635462
12.634991
15.349914
6.3984113
11.164572
12.48757
7.590287
15.210649
12.801077
9.528678
14.157222
17.145327
9.351304
8.478189
19.055046
19.930925
19.663664
14.00456
14.399319
13.913733
8.987485
15.416047
11.851905
13.798857
16.90579
3.5480447
16.061338
20.99434
6.2955713
18.171373
11.7969265
24.112547
17.591034
20.208687
18.037506
13.274842
19.327278
12.543193
17.153584
4.2894077
14.292787
15.262512
4.520679
17.89506
11.149116
15.806678
14.691149
16.044666
17.516369
1.4804509
6.645627
15.186232
12.609255
13.603807
13.38475
13.41986
10.761206
15.235083
18.130888
14.782778
13.480706
17.692232
17.463398
14.929221
23.671957
16.262499
8.776774
17.01632
17.04473
15.676156
12.113631
9.061481
14.065592
15.126496
23.265371
17.493608
9.497677
11.822663
15.280397
10.490866
9.057765
15.692652
18.898344
19.559345
13.259057
10.363753
12.331733
16.262117
14.882748
16.233128
8.40032
20.808376
19.101368
7.295127
7.6074076
15.20694
14.198768
15.193831
8.109652
16.801311
12.481441
12.786009
12.1304035
10.290728
15.933785
6.95275
11.870782
13.449472
9.586317
11.009663
12.443196
2.2709918
7.8051715
11.266414
24.238415
19.695356
14.491283
22.391975
20.29238
30.991392
15.157737
20.715117
19.23713
20.708553
26.40326
20.703478
17.67198
21.30738
24.165562
22.628065
30.511913
15.65734
27.236195
10.636109
17.341793
24.132202
21.828762
19.80419
21.742496
16.747847
17.192003
19.889626
24.645206
13.450622
25.478119
24.371023
26.413578
24.059109
37.282597
24.67466
21.289427
33.55914
28.331541
23.546694
19.011066
27.042645
24.245659
27.779026
31.990225
25.314976
29.476149
27.9426
25.808176
32.016964
31.167759
25.671797
28.721907
30.07713
29.410217
25.334045
16.819197
30.099083
33.638733
16.43973
18.103756
27.91681
19.306793
21.2842
27.50047
18.968014
30.341402
22.17573
24.510813
23.726177
29.21386
24.511375
18.611387
30.40262
29.606365
21.695019
24.4735
33.604385
29.494297
27.856384
18.492403
21.255697
17.961075
21.622225
25.725925
15.725405
30.296253
25.53969
5.0753665
26.226072
12.949585
29.46014
30.061615
15.355378
28.574615
25.362234
23.97449
29.283346
28.17504
20.739056
25.385334
29.185486
18.08091
18.85684
18.509571
22.10986
24.240366
19.321987
17.09321
23.38779
13.976177
20.782677
18.302269
18.370897
27.359598
14.366189
15.699039
9.403832
16.14941
21.120735
14.660985
17.56844
16.780642
28.283691
14.271659
19.093178
14.429936
17.642448
15.273536
19.538534
17.086418
25.03196
22.672733
11.9467535
14.419148
23.606161
17.180573
14.875637
16.2342
18.938265
22.749737
22.193348
15.949173
21.51767
16.89047
18.72417
10.823308
20.292698
17.612999
13.072111
12.503862
15.411789
8.1849575
18.36656
20.107344
21.995485
19.616705
11.463512
10.513966
10.076462
2.2848423
7.448206
15.252013
11.123937
11.301894
9.236411
16.855854
13.948369
13.521374
17.580868
8.222053
6.4455194
13.712434
7.2777095
17.065166
6.87128
8.833256
10.538147
16.431232
10.867726
15.228707
4.6309533
15.084527
9.489467
14.465844
10.899042
9.902431
13.474295
11.378208
15.052809
10.200877
4.3414364
11.720443
15.656978
7.72194
3.8375754
24.26549
10.92344
14.648926
9.970393
8.39701
10.80331
13.400451
3.7497423
3.5950582
17.464596
9.66087
14.598803
7.010671
10.92539
6.406344
10.013574
12.713699
13.959493
11.209883
8.1486435
13.333698
11.803257
8.537661
13.327908
12.617379
22.925234
11.443456
17.184423
15.179326
13.102911
-1.3407798
17.973925
8.005432
11.030289
11.835011
7.798875
4.5647097
12.952483
6.701974
10.649449
8.488122
2.6809912
8.759939
10.513996
11.936144
13.059733
8.723591
14.099472
5.431454
8.349531
10.843331
15.238006
-1.1778808
15.444477
8.460792
18.889961
5.8312573
10.216573
5.7897544
5.058733
13.318008
9.086851
13.283253
8.940721
10.847817
12.703825
13.194944
14.670175
12.434245
3.9881537
19.234451
13.245398
5.4598517
13.157576
8.563925
12.496006
4.3110375
8.76362
7.5184045
11.264132
15.048228
6.8231096
15.659261
19.099926
10.054709
11.24408
11.458634
8.451133
11.145975
10.664119
14.188254
6.576108
13.582683
5.180291
9.315961
10.905472
8.386809
11.712412
10.085003
8.529226
9.352684
5.0667744
13.591222
8.130509
10.372558
13.6329565
10.226323
14.144195
16.334496
8.026515
18.628923
9.291672
4.7032733
9.797991
3.6391635
10.3177805
8.283287
11.99973
10.612739
5.848633
8.854086
14.458411
15.209579
8.856208
13.251733
11.18697
17.084696
14.997799
5.8513536
6.537689
4.93836
12.938183
17.131962
8.098103
15.346221
5.9930973
10.762069
8.089319
9.580385
14.341846
16.673475
15.28749
18.145906
12.449093
15.11059
5.312594
8.235328
13.637463
12.55785
11.520652
12.122918
16.357105
7.670403
2.9965174
11.408228
9.363343
14.501557
10.468096
10.532121
14.564266
10.388178
7.4876347
12.20962
14.4705515
6.779784
17.666924
13.983675
7.4708285
10.244832
13.169877
10.679834
3.776798
3.9702926
11.141657
10.840147
10.745738
13.536547
19.661957
14.336727
6.6087155
4.782034
7.657441
6.996241
10.081438
12.289067
15.4472065
15.847149
13.133814
8.819202
8.288631
7.5193844
11.964762
10.219169
5.5498
7.818411
6.5224733
9.619641
5.4034915
6.2560816
16.660282
4.553874
6.772014
16.040676
10.863524
10.244842
10.861416
4.9466105
9.178095
13.264084
15.779629
11.629401
13.199761
18.013273
2.369183
13.514536
22.762032
8.2769985
14.471501
10.224268
17.528585
8.758282
9.557902
8.732726
5.1134458
13.321099
21.267574
13.765376
4.5052133
5.486241
5.193542
5.602501
9.217894
7.0101604
15.087926
13.588099
11.230187
9.941461
11.020887
15.584569
14.1842
17.255466
9.373655
10.095175
5.0763874
11.762315
12.869724
1.8164786
4.5991225
5.1558204
13.974377
7.1838307
9.903982
13.280985
11.757004
17.203676
26.587444
12.4745035
14.626124
13.625846
15.736605
9.003432
7.855714
7.6742377
12.667501
16.428116
6.5194755
5.622444
6.434779
11.697423
10.909946
15.968165
12.480881
8.016645
11.774843
14.961308
9.447789
16.174671
10.683028
18.090462
12.782784
6.9716315
6.44379
5.5872426
4.94069
10.697918
11.651613
10.629142
5.1823525
13.280862
14.321974
12.2731695
14.558325
7.0668945
9.126212
11.596817
12.051742
7.93214
14.432577
4.4040637
14.454566
13.205322
14.848064
11.702988
12.146379
15.454161
10.698997
12.918417
1.4222075
11.4336405
2.5476072
13.482909
16.834232
13.412673
7.5690055
8.486677
16.197517
8.626898
11.576516
9.158364
10.228232
8.021234
3.9400787
2.719777
2.7296388
9.091614
3.9326377
7.3410015
9.101768
12.918635
9.068719
13.403352
10.245229
8.799857
-0.97217494
12.212072
11.82351
10.77762
6.0106606
3.7864854
5.809136
12.03489
7.2206182
8.104111
14.005467
8.389858
10.542471
3.7695224
-0.63456684
12.285648
10.75953
12.000615
15.312113
4.959236
1.4111774
6.7009435
4.5707316
9.136575
8.178319
8.366052
11.21422
1.5999304
4.857548
12.208343
5.154793
12.348248
2.0166996
3.9090896
11.616551
0.86719066
3.528303
5.6300573
9.03204
15.771988
7.1845922
10.365252
13.191863
8.458986
3.1161313
8.119938
-8.699106
1.8732501
-8.261672
5.3407345
3.1106539
8.963381
4.343674
13.823081
8.1917095
8.085992
6.3947363
-3.6021643
6.694285
8.890911
2.7810235
5.150905
3.6933641
-1.5452349
0.58151615
0.021954756
5.944524
0.6428739
6.3040595
7.267067
2.458712
7.3738556
7.0231266
2.36766
1.1782864
3.7308767
11.363494
8.935694
8.695826
-0.0092385365
6.3734026
4.9312663
0.18702373
8.27965
3.5337248
5.7543187
5.7854896
-0.25946933
-2.2335951
0.23899709
4.256903
7.018
0.21705455
1.2446967
0.98181945
5.6655955
2.4998662
5.764842
-0.7373126
7.809144
13.187281
6.4575644
-4.084537
5.1277714
3.1393378
12.50646
8.869042
13.318686
18.232674
10.441173
13.774825
11.241938
11.816972
13.270159
17.223635
10.823182
17.208302
6.5450673
21.59656
13.840468
17.0818
15.717764
18.559263
11.927709
19.873583
9.650844
18.652294
16.074461
15.891415
0.032248057
15.684877
11.218572
16.593826
12.235652
17.27754
16.165026
14.475194
14.985475
13.866126
13.343273
6.7115636
18.253023
4.6434956
16.107496
10.142562
10.665458
17.36984
12.761725
21.663898
15.467869
11.52737
13.210612
17.312204
12.684336
9.975184
19.136097
18.16992
17.755236
14.540076
16.571178
14.852746
15.1240015
9.127857
19.040688
11.218279
16.790283
14.613495
10.042185
16.467167
16.35191
10.402887
14.70878
19.017717
18.542158
12.875314
17.509119
10.416306
15.502196
15.676859
13.401511
13.657943
18.68481
18.07755
12.791829
7.805489
8.746285
18.371935
19.236061
15.659922
16.770615
9.593619
24.518696
9.657462
23.620928
10.573043
22.128317
17.194925
16.062641
13.636708
19.532696
14.128719
16.753988
12.970684
9.945876
16.214588
18.790876
16.240984
16.006426
16.585594
14.644573
18.517698
5.2628584
16.313103
5.905703
15.009619
16.033316
15.912779
14.05545
10.607596
13.517081
9.12893
9.249769
17.211756
9.217709
17.049204
21.40404
7.43866
16.203533
8.356383
4.6380167
10.304218
2.4692054
21.999817
15.774597
11.215912
13.6952
22.53698
15.036776
23.887909
23.086447
19.840416
17.90104
4.45752
16.364952
10.041739
3.645152
19.3825
15.031974
17.103584
8.505238
7.3312807
14.682501
19.081448
19.794722
6.6704473
12.818224
15.528805
14.81027
13.617697
14.423102
7.998558
16.28705
15.686366
22.9816
11.501059
13.46717
20.271105
19.190014
22.686563
15.886741
14.368391
20.903725
14.022387
4.350727
14.507154
12.307776
20.27998
20.049805
17.449678
22.219004
13.658352
12.295347
19.233511
8.556712
2.3649614
11.073054
-0.08172446
-0.4165687
9.269836
4.648228
11.268391
6.0964375
1.0624186
2.09587
8.82976
6.098582
4.492647
4.5370297
2.184135
5.9421763
6.902225
-0.05932522
-2.6541114
5.1806407
1.1332841
4.7472105
-7.225805
-2.8418584
3.4317486
7.522334
2.0936034
3.0129952
6.132049
4.2090197
8.664354
1.869876
0.22369061
-1.2915372
5.630331
2.4323945
1.0195143
1.1030362
2.4149404
6.0380316
-0.019558063
9.119617
4.4801106
5.921882
3.5387163
-2.2486494
-3.1069908
7.73597
8.037772
8.677753
7.876912
-6.2048397
-3.4496424
-3.310787
-3.2629125
9.045307
2.9257536
1.874809
5.0408106
1.1130694
9.356828
-0.92850435
1.3968257
2.9642801
2.9943507
4.2482233
12.936396
10.257466
6.1191983
5.6292453
3.4039176
-1.4676312
-3.6586542
8.490862
4.34332
13.615749
-0.44010574
0.20763646
5.3957334
3.965675
8.620248
10.5923605
4.917388
4.3959036
10.943398
0.80009186
5.793309
2.889782
8.520128
5.145535
4.6007304
-2.5233629
6.7540226
8.298537
-3.385045
3.080942
1.9870706
-0.6621268
-0.07985636
5.6712513
1.2865722
9.228084
7.716035
-1.5648156
5.595895
1.3060054
3.3715692
0.8785015
5.0000553
2.932775
2.1303427
4.1331706
2.3713682
5.653366
3.001431
5.885653
4.193311
8.667993
-1.6650296
-3.91504
-2.536509
4.8604536
-2.5424306
3.5945659
3.079453
11.500396
-1.7023697
5.228004
1.7459935
2.8210804
1.3602504
-5.766219
-9.8636465
4.0428286
3.9673827
1.0927422
-1.6686345
4.587379
7.658843
10.319681
5.1122212
4.996432
-1.3509642
3.0073497
14.166536
1.7060834
-0.31568548
3.3189924
6.5746984
10.531226
3.1063018
-1.4282309
-0.51361877
3.9219136
-5.6009746
2.360642
-7.7195597
0.9220288
5.5022326
9.797178
1.1385863
5.068125
5.7911024
8.755408
3.6839712
0.454552
9.218981
-1.6493073
7.0217123
-2.3358183
-4.9552436
-7.506313
6.139191
1.8271173
-2.3723574
-4.7671022
-4.4737678
0.7899614
-1.1886008
5.1753154
0.5026889
10.070253
6.5423174
1.425977
2.5698123
6.1403456
4.0870767
1.1146201
-5.7765455
1.843859
-4.555032
2.5502484
-6.599591
-6.106204
-4.496022
-2.443292
-2.5943587
0.35512277
-6.968243
-0.84137225
-6.43342
-8.388148
5.095164
1.2365388
3.5474958
5.438152
5.9313836
5.57355
5.648441
7.023167
2.4122255
7.7371264
5.506951
2.3911133
4.406777
2.9953473
7.7550907
8.010355
-0.38421285
8.687365
7.505087
4.50799
4.2900953
0.52137893
2.689046
2.502366
5.307322
6.593717
0.59800816
-1.8489153
8.233558
-4.021508
0.006326052
-5.1238737
3.019793
4.405611
2.325707
4.2069774
4.7751875
1.2680986
4.331876
0.44189474
-0.54030824
4.6783996
5.737818
4.55291
5.098559
-3.8301928
3.0834258
3.9639337
7.9259005
3.0478032
8.183943
6.988315
4.8738117
6.0897193
-2.433813
-5.718715
6.6643353
3.8830335
-3.0620646
1.0020194
-3.3260202
2.955607
3.3109622
3.7726953
3.9007924
2.8887525
-2.1206028
2.2609358
4.3497853
0.73915774
9.342548
-1.0230238
3.2666948
-0.12505436
4.344825
2.1295934
7.6268206
0.117806725
1.7304403
-3.0529852
2.5065324
0.59270394
-7.9198008
-0.9254557
5.410241
-4.586875
3.2748811
2.917111
2.8310573
-0.8406476
-0.4848412
1.7326614
2.9846637
4.677487
2.7179723
5.1234365
5.8967743
2.5890117
5.2993503
10.187586
6.709048
-1.6672516
8.343544
2.4830058
3.282993
-2.9846876
0.44168976
7.4479494
3.7427988
8.084366
2.2328877
-0.21983367
1.9724674
-3.1574588
7.357726
4.0843835
3.7467928
1.7806714
3.1264806
2.8019705
1.419312
6.37563
9.85082
2.013826
-1.9198736
-1.6954842
-7.6108
-0.91604435
-6.101033
-0.52719283
-2.7288718
-8.053896
-0.3624875
-10.381002
-2.1929553
-2.2005734
1.3615441
3.041202
3.755951
13.109916
7.295092
-0.07837076
5.9153438
5.4190683
-0.46274588
-1.0758212
5.7989683
-6.551791
0.117241636
-1.4165517
4.308518
6.0918097
11.349352
-5.3049045
5.547691
-4.8365345
-1.3362283
0.4765407
12.263972
0.7777843
-3.150845
5.200707
5.6242547
1.0098207
5.424865
-0.8361444
2.1614494
-3.8754542
3.761237
6.1703525
10.395483
2.9380574
3.2433355
4.0359373
-5.1105313
7.5274677
8.75503
6.6660595
3.814454
3.0275078
14.481416
9.0255
-1.9040679
4.930484
-4.5361958
5.345146
-9.993337
-0.106574185
-6.018897
5.1972604
8.105767
7.073384
3.034395
10.772596
2.3626287
1.0720128
10.258728
2.9821336
1.0670742
-0.6148752
-3.1720755
-3.7575765
-0.56681836
-4.5520196
-4.372328
-4.843316
0.22165734
3.9183786
4.1559935
-2.4347765
-1.9940766
7.3476543
-4.1426167
0.020836262
3.8443587
8.303729
6.4699335
-0.22820781
1.7787068
12.541976
4.1850476
6.163207
-0.6956527
2.335381
3.824234
11.587957
0.40998283
6.924178
8.030534
7.7021484
1.8992856
-2.8128462
4.2003155
5.5915747
4.6859436
3.585026
-0.4257801
9.619342
0.24530712
7.7060757
1.4555204
6.8601522
9.677181
9.367907
5.4258356
3.353416
2.2579825
5.930674
9.44353
2.6657956
2.5059104
2.7686365
1.7204446
3.4258451
5.9085584
9.419322
-0.06708174
6.700737
4.2771106
4.554706
2.3931425
6.1045384
7.7265754
3.976064
9.086971
-1.0281285
12.777163
9.808941
3.2715077
10.257852
2.0738363
3.6741383
-2.211965
-0.5557567
6.6575575
2.2041962
0.78775334
2.1746461
4.9486837
10.462048
0.13352402
1.395251
-5.2160244
4.523167
-6.1827602
4.12766
-2.3517218
3.6219912
3.771389
3.2264235
1.4174567
7.340238
4.983714
7.5964766
7.429501
9.921611
1.9886755
1.7307765
9.08839
1.570652
6.7909746
6.4847875
11.496657
4.227978
6.6528683
2.73598
2.392095
4.16706
2.917802
0.43967393
5.686075
3.0536118
13.192864
11.342025
3.1486888
1.5154139
6.579429
0.6235899
3.3563707
4.3570075
4.4974017
13.348775
14.444528
13.357452
3.0790138
-0.44580787
-2.8952909
6.781443
1.0200015
14.613113
6.669231
1.6498572
5.9429293
1.2799499
-1.0641917
5.223295
1.0476524
6.2898436
7.1082234
-1.6976299
3.3372178
3.4600284
2.132545
4.2961435
7.0300703
8.344777
4.00593
6.5626535
1.24314
7.9953237
10.452159
4.6596427
0.11300839
2.5864754
-0.9851565
0.7652252
2.9028914
7.262174
5.6987658
3.2595987
3.8940148
-1.2714229
4.0017347
-1.0371835
3.530441
4.2062826
1.3169512
3.0300145
7.709028
3.8037145
8.09619
11.091541
1.2602013
5.85478
12.599253
2.6052268
8.30011
3.3793821
6.2296166
9.840089
4.0191326
7.8174005
10.179783
14.860923
6.9325004
3.820775
4.127496
-2.4158099
2.3660405
15.518141
3.0752473
9.668959
2.6330519
5.0950947
2.2445261
7.604538
4.6851225
2.1254888
1.6895218
7.593522
3.335495
5.974462
8.04068
7.7435617
4.502579
12.5428095
3.0706782
-0.9452914
6.5543942
9.37606
5.4930296
2.0206537
2.054544
6.198486
5.161497
-1.8119435
-3.5173337
4.385256
2.3133025
7.443047
-0.2731627
7.424554
3.6496167
4.970876
7.9563136
0.74248844
5.383624
3.815258
2.4095588
1.4900502
3.0458708
11.791479
14.021648
4.72497
13.085448
8.610445
-1.9534293
0.8855152
7.8400097
8.576277
7.774055
10.518164
4.4384966
0.73472977
6.4119444
5.052401
4.0059886
-0.093544945
9.51379
6.466506
0.96308106
8.399827
5.492376
14.300035
3.4413085
2.448048
6.755416
10.461213
7.0400076
11.173218
15.355417
6.6927977
5.253912
1.6647797
12.123739
5.6650043
11.295927
13.057397
7.517127
7.680221
2.3535728
2.9523542
3.8639884
4.2477846
8.760298
8.022991
7.345861
10.429587
4.670836
8.068708
11.154783
3.4762661
7.2292514
3.395196
12.700388
10.262848
11.545228
3.5089476
10.060345
7.4066873
6.580895
8.566103
7.5679626
10.025681
7.072784
4.704646
6.9224286
10.746447
0.4602488
4.134572
-0.7555781
6.154446
-4.2487903
11.150038
7.336671
-0.8222087
8.739363
4.364249
5.6781497
1.7014629
8.759168
11.972337
4.1880174
1.8883169
9.391915
7.8239217
5.5098653
6.4973645
6.7219644
4.5397344
11.413171
10.400934
1.9970448
8.540228
10.55906
11.112199
7.9492874
13.035394
17.822056
14.666302
14.256418
14.240446
18.14659
14.702285
20.093428
23.776236
16.78977
14.1543865
17.63337
22.670576
20.862017
13.796896
13.919565
25.577322
10.597772
17.89193
18.41541
11.557353
15.242941
22.236742
16.521034
26.562956
25.747087
24.051311
11.011779
24.26082
15.139354
18.430971
15.48272
20.590101
7.840813
15.240942
10.580204
15.0723915
16.255512
16.567564
16.22246
9.766493
23.244051
20.522438
24.132841
18.072065
23.619972
12.562864
18.013601
23.065464
21.609142
15.985266
13.424444
17.712801
17.170486
16.76634
18.599073
13.833324
13.420019
18.407108
20.360434
16.729628
11.683071
14.173626
22.87785
20.977629
19.466122
14.336849
20.038473
21.822346
9.182692
11.422588
20.287045
15.466512
15.509693
16.687128
12.422314
20.08153
15.376214
16.533302
19.002079
16.658522
17.727125
13.618402
15.416533
17.203886
16.254574
16.477135
19.628462
16.316893
19.977962
16.625238
14.391576
19.380098
11.417784
17.210026
21.99922
8.827591
14.310374
21.492039
19.121304
9.476933
18.493359
12.2727
17.08918
19.25078
18.932234
19.716106
9.282721
10.443924
15.983937
23.530342
10.651216
13.168065
16.97821
14.571675
14.363412
21.475527
13.506395
15.354395
7.8916907
9.461294
11.496859
17.311447
14.373632
16.489729
12.373113
14.44836
11.315256
10.889125
14.694307
7.589141
9.114986
18.082634
14.88804
17.753498
18.643225
20.217638
12.824461
13.472634
20.796995
17.280037
14.960008
15.004798
21.054247
14.842097
16.626947
13.657581
17.031885
19.886295
9.7452755
15.3892355
16.576094
16.465736
14.822545
17.15504
22.208078
19.197514
14.961529
18.657942
13.277088
15.445553
11.672532
20.017086
7.422833
18.86052
17.317003
14.536943
12.949444
16.153013
20.81479
13.639563
8.3814335
18.68572
14.10668
12.962777
16.337505
21.575788
18.157408
15.74636
17.306826
12.006555
12.448577
12.449606
18.529793
11.31925
10.004857
15.4671135
6.5566244
15.6471
12.105491
15.214988
15.551273
16.602085
21.60676
16.955053
18.778816
14.104919
13.128204
13.457444
15.912679
19.972145
18.910093
14.302672
21.794292
13.017665
16.987782
10.723267
7.845186
18.903923
18.284973
10.533326
7.063189
20.768953
9.352578
11.749015
15.546991
14.026546
13.728283
10.686866
23.113626
13.29347
16.96579
18.910774
15.265126
9.204917
10.132701
17.078676
17.245369
13.866845
18.938564
20.027454
18.023985
18.54254
26.595716
13.148685
12.392678
18.96921
11.091812
7.0056424
13.929415
22.849821
6.640101
10.792339
19.674833
13.858139
19.279387
17.331945
16.867292
14.185236
13.906708
12.843835
8.551684
13.516026
20.890654
15.592215
19.70715
6.334646
9.910941
6.596061
13.658729
10.60436
11.043806
20.412525
14.895798
11.132167
11.437939
10.63101
18.853878
12.780944
16.242765
12.693415
13.083607
18.749779
10.845658
16.4258
21.694777
16.585188
10.520331
13.461555
14.876475
15.012203
13.444948
12.796151
17.800293
14.148514
9.911565
13.707057
18.51019
14.1459
13.005275
23.681303
4.444526
9.92565
1.5088575
11.572038
6.181042
18.434324
14.846868
19.201077
8.209756
16.95476
12.748
9.774113
11.061844
13.529253
17.676353
13.529104
6.5672293
19.235945
10.556295
12.420256
15.432405
17.14305
8.851504
16.768986
13.112772
9.592859
8.605433
14.936052
4.782244
16.294462
16.239025
12.698543
9.1498575
6.9119463
13.3590765
15.47277
17.425379
21.219526
10.787853
18.39209
9.52591
6.4196157
19.102695
5.72687
18.88335
19.797855
17.242134
5.9591436
-3.627126
12.333684
13.638199
6.598586
16.561352
12.316457
16.471832
14.527426
13.163525
9.688958
13.92048
12.781829
16.175062
13.853662
9.513429
10.568909
8.399976
12.557595
9.839216
15.007069
20.38963
13.706031
5.1648417
16.768564
9.722361
1.7179865
23.495955
13.864956
18.180483
12.760664
13.516871
18.02905
17.45671
15.931478
10.94571
8.216275
21.665882
15.815969
15.071132
10.205282
13.730373
21.080631
13.625889
14.500573
14.432371
15.091536
10.746709
4.6717186
8.947103
8.308495
14.922247
9.795539
16.955381
10.873727
14.04725
9.161422
10.8584175
19.527128
9.814615
10.569905
16.034845
2.5052378
11.424711
6.9430923
6.055005
6.3083754
15.17801
13.346224
11.091417
14.454766
16.658054
21.162476
17.327248
10.859161
17.09771
10.21769
11.292654
1.3816766
23.689034
14.975445
11.137504
18.054575
10.99712
23.2345
17.871717
16.93494
24.076714
19.573206
15.746576
21.143679
19.479624
13.165781
13.90188
15.515143
18.450083
15.3615055
19.170668
16.40894
16.340725
22.471188
13.284185
9.382587
22.62426
13.824946
27.92922
11.2204
20.731504
17.819149
13.012824
29.166107
26.583164
13.251165
5.7685995
22.257395
11.155232
9.484217
8.898619
14.319988
11.727339
17.497288
20.486603
22.259518
10.513317
11.319967
13.364442
6.346293
9.966546
12.171992
13.069396
23.152431
15.672736
15.872084
18.61767
15.803326
22.085163
6.752874
11.581582
25.36111
20.48546
25.86966
19.75365
23.22678
16.809227
14.74884
10.256245
18.817228
12.895872
21.809523
20.00304
18.628239
14.10375
13.388708
23.976105
24.583284
19.423552
19.726345
14.591478
20.80562
19.47591
19.242537
24.508514
26.673796
15.86177
27.153177
22.671234
18.394352
20.273895
22.228909
14.415546
20.579813
10.251494
12.357505
13.581344
16.731035
11.477924
21.415083
21.074678
20.021938
14.932405
15.208566
7.481961
17.542955
18.801897
19.891298
22.00067
16.775848
18.41114
16.316433
12.823266
17.927721
19.761906
16.990534
13.820363
11.801427
10.02832
15.019075
14.951863
16.859404
22.762577
19.055721
17.348366
19.276655
16.95776
20.674679
13.857308
22.885292
19.677467
18.97687
14.150219
22.24442
18.373964
19.588959
24.097225
15.096811
9.834158
15.926814
21.091902
13.802052
17.344019
17.481771
9.687118
22.836203
19.361591
16.968538
19.748058
25.566479
23.82618
19.228605
19.221886
13.826916
19.32127
13.591272
26.273048
15.023381
16.815887
24.295677
17.827309
23.94768
21.349092
11.20765
17.649273
20.551373
21.109545
12.103006
12.467772
19.537064
20.80054
22.081907
17.663609
18.656258
23.844744
15.314854
16.704782
19.295229
17.445307
20.808176
16.217201
17.353615
18.842377
17.684673
19.486774
16.440247
15.031045
13.776342
20.190542
28.832724
16.040667
17.235403
17.056803
14.492768
22.896353
24.300108
17.386892
14.955567
18.589558
22.832743
24.270626
20.75293
20.552
12.760552
19.793093
20.60961
23.741482
28.61984
21.57616
21.34925
17.075182
15.976258
23.205727
19.626255
19.287407
14.468272
12.33464
19.455534
19.865215
19.627897
12.927063
20.792467
15.488247
21.027697
12.696641
22.86195
19.14501
13.6294155
21.524174
17.086967
27.449419
24.749569
22.352743
22.564146
21.207195
10.547077
16.386381
17.491108
15.048066
12.254704
11.190826
13.709702
18.899584
21.537985
16.429981
15.473314
10.073801
12.422596
16.016563
23.741852
20.14372
12.432624
7.2665915
12.655218
12.803598
15.454411
16.583082
14.036749
7.647867
7.339393
14.646149
14.0238905
4.155909
20.067074
18.51339
15.581025
16.301819
13.012076
17.05941
19.080534
26.689186
16.964518
12.994083
19.264112
10.531689
18.312181
14.181432
19.912767
13.131231
16.154133
11.226706
26.107105
15.717549
24.154
14.67705
25.240261
13.209278
14.991533
21.721968
15.491837
17.566847
19.178007
13.786617
10.072414
20.49312
19.646599
11.8961935
12.374411
17.88057
18.752602
19.402943
17.159098
4.876709
25.762442
12.906216
13.753967
11.548121
21.11768
14.38525
24.200405
16.169731
16.180803
16.847656
11.368993
13.5523815
24.777391
22.746609
17.223412
9.834936
19.310514
21.559837
15.7872305
18.117199
11.391575
16.47101
7.9993277
11.4734
15.791799
19.913462
23.93096
18.95396
18.31528
13.956656
22.666924
19.329063
13.408324
21.03232
20.850502
6.848178
9.806385
6.204266
9.841462
6.97447
7.158588
21.524706
17.79062
12.283965
9.685986
10.931286
11.2578945
20.632893
16.298552
22.091627
12.896744
10.092509
21.82848
12.689255
8.766976
7.0284295
15.906601
21.051252
19.029305
22.779457
15.864299
13.315582
10.91744
12.720769
19.486921
15.246825
8.772103
12.272909
15.386021
17.565529
18.027363
11.737961
18.029415
14.024337
17.945541
11.505524
17.595594
16.981682
14.4535475
20.45416
15.936838
15.561497
7.42155
12.609058
7.3202853
16.223337
11.380248
14.734557
9.319998
10.717742
18.128338
18.19192
18.971363
12.685289
15.127411
16.114351
22.76071
12.153514
16.411121
15.376947
8.79514
23.518576
13.2496805
13.819711
13.223452
16.11556
11.4779
9.124284
10.32787
16.862719
13.120713
14.963233
10.550495
16.310738
8.953759
7.515164
9.535793
17.090742
18.59593
10.830588
12.940347
16.88191
12.963282
14.374346
14.5737095
12.83903
13.773714
20.371042
14.824341
14.811103
18.593555
11.012422
7.2458496
13.277101
12.066284
12.413428
19.30263
19.736065
15.101615
6.4557486
10.534891
12.623428
7.8477445
7.9612164
10.840239
15.396502
11.1419
11.098609
13.218842
18.706532
17.7158
22.613731
20.947697
20.871716
22.299845
13.667445
20.316141
17.35208
22.108288
22.824202
19.460064
17.045473
16.604692
21.861311
17.547792
21.791838
15.972173
18.647173
18.30644
18.184181
21.574646
20.994572
12.120882
18.921936
19.933184
17.408298
21.426985
14.532342
17.416443
21.882961
15.5624485
21.084827
19.097128
22.891384
24.262276
20.347311
20.23099
20.904663
19.347805
20.657457
9.904094
14.982884
13.11821
18.417704
15.387323
18.891254
21.325714
12.552161
10.610066
6.0549374
19.499887
21.128002
19.83958
18.699047
13.295867
17.724262
15.826537
14.6276865
16.442375
20.620228
8.0903
17.35489
12.609051
16.881647
15.344381
8.5829735
10.487771
18.187988
7.373046
15.768192
9.806055
14.07953
9.324317
14.17032
16.565123
13.643368
17.83207
18.385822
15.115755
14.208906
18.934599
21.293856
17.70256
8.80792
15.592454
7.651741
19.12052
10.836522
14.739034
18.002655
15.470485
13.290983
11.279848
13.834264
8.42662
11.178238
21.329142
17.16284
17.34088
21.479654
16.565266
15.4649105
15.259138
9.79832
13.095999
17.901865
17.084673
13.809748
17.224178
16.113548
11.899743
16.734941
18.3354
17.371746
13.504059
22.294832
10.13174
14.361079
16.960705
10.12215
12.923176
18.5117
23.394316
19.926472
17.978958
14.171949
16.54779
13.370675
16.863321
20.23846
12.797112
19.917938
25.712688
13.972936
18.774004
16.496706
19.092495
17.904596
20.532095
23.30167
15.917985
12.999346
20.02064
16.698809
17.372252
14.633896
14.969827
20.79661
21.413034
21.871376
20.016085
21.130836
17.338564
8.81841
24.427517
25.571861
20.560743
17.490765
26.380297
13.61705
23.136477
23.040419
12.884528
10.214171
20.401241
22.188698
16.293589
18.689808
19.281761
21.84258
18.5671
24.847012
11.25115
14.626821
26.47398
25.38934
20.438478
16.816795
16.69766
18.441114
14.224108
14.244083
14.255681
17.61517
16.616732
19.19997
22.43046
13.226373
17.932838
16.598875
18.144405
22.386553
7.4825945
15.356062
14.641052
14.189028
23.785915
12.328379
18.703209
22.877104
21.125883
20.04586
13.9810295
18.227287
12.869615
20.718191
20.112123
16.265171
20.518364
20.342714
8.242186
15.574599
16.50343
14.352369
25.294334
22.995798
17.531572
25.577353
14.414534
15.638343
12.111156
18.37303
15.103943
20.079786
16.407774
6.0281787
22.351553
12.230694
17.76417
19.695005
18.286386
18.889538
27.547712
20.604832
17.840096
15.541531
21.919596
23.704752
18.398306
22.948719
20.79051
15.234879
18.52224
17.703953
24.118082
20.46109
19.387766
19.381126
16.92967
21.117104
13.852005
21.521137
20.53703
20.365856
19.745897
19.466759
16.248272
20.221592
20.796251
19.732637
21.816772
15.193668
24.072584
18.380028
19.268583
19.935232
15.545734
11.352564
13.61676
12.768263
20.386522
17.155052
16.856169
18.390419
23.065859
14.388581
17.937473
18.778059
18.010067
19.317036
15.654722
20.049984
17.813719
15.563604
12.631123
20.94435
16.476772
18.54398
25.980284
19.211369
23.69119
10.257822
18.638165
15.056704
19.142029
21.452171
7.0683746
18.196999
22.262281
25.18152
21.002666
15.287928
20.921782
20.850779
11.579444
18.407871
20.432451
16.715107
22.522442
15.973078
16.118996
17.923763
10.647045
13.754643
22.268188
22.604286
14.844367
21.47396
19.83972
19.904001
14.802521
21.973207
26.450886
15.474747
25.025972
14.7127075
18.12199
24.23097
19.336767
15.553283
28.478397
19.49406
17.995111
19.393684
18.28578
12.161407
16.577976
21.35197
15.869416
14.800983
11.637155
11.939345
16.130627
20.07418
10.439259
21.949633
20.641207
7.902778
16.765932
14.570536
8.826656
15.093879
10.486442
11.039816
9.238932
3.7238593
7.5213213
4.337904
-0.20813802
9.371916
4.238485
-1.4510458
13.801894
17.45567
16.95107
18.083916
12.296775
2.3117008
15.126647
10.979702
17.034126
10.016214
19.362455
13.391343
19.743856
14.538772
14.327556
12.355881
16.526955
15.295726
14.564917
16.125114
13.759715
2.3571615
2.8031802
11.475413
6.364745
11.537999
12.574044
10.192194
-1.5870832
8.51142
-2.5125308
16.534346
21.260185
18.57705
9.81816
14.053507
13.73082
16.720163
13.155195
4.3286753
6.300934
15.447714
7.436582
19.212158
13.950039
1.0768068
10.261644
7.1507144
15.406713
10.270338
7.0528
9.556812
3.2196856
10.399984
17.293713
25.134665
15.022907
0.064402215
-0.80792195
9.216644
8.049917
-0.121501334
1.4628266
8.2240305
0.86247796
5.4070315
12.421555
5.9600043
13.473825
15.05304
20.771034
17.615772
19.11007
18.533033
23.29258
14.671184
21.753725
17.413628
9.640605
17.693745
14.867018
16.195738
20.011997
14.422263
20.457966
17.41008
-1.4926491
19.47961
16.684107
21.342628
14.069478
11.098589
5.081093
16.893654
19.493418
16.453266
18.754528
18.165018
17.153402
9.755738
19.038624
14.006881
17.47652
10.850215
15.00847
10.043908
12.084049
13.786741
18.350716
17.592508
20.584055
23.916769
14.496754
19.818974
15.889876
19.628078
24.259743
17.405989
16.354916
21.028088
12.282167
23.175716
19.13929
17.926624
16.122156
17.178928
17.146791
14.297804
16.808088
22.105885
24.187439
19.770458
20.766388
12.000087
13.284097
14.990804
11.355683
15.406351
14.476032
14.40239
9.755026
17.979929
17.122265
19.814358
14.645097
25.772472
11.557216
14.355984
16.570179
15.512991
16.60493
21.29487
10.053316
15.4675665
19.950909
12.759932
18.489319
13.106446
17.041765
23.225468
25.326311
9.967554
11.926707
21.528568
14.025221
14.458485
15.863372
20.085676
13.967708
17.541195
5.4113083
11.860551
13.967093
14.027398
17.068972
16.21831
10.067695
15.577759
19.024677
10.396002
18.236427
15.722255
19.440117
16.00092
19.379784
20.880726
16.704163
11.89527
15.167908
19.759281
9.090122
24.384789
16.083412
18.609234
18.274923
18.764585
4.8275404
17.308222
18.109606
22.732998
13.540803
18.55283
14.8936205
16.939344
27.531141
24.112719
19.10675
15.716154
15.253169
13.1228285
15.898745
8.81849
14.481787
11.319713
17.474447
25.037931
15.066686
17.186172
24.991966
24.585903
19.273188
19.700846
21.197472
10.90361
19.05977
13.0326805
15.962414
14.990648
21.874458
16.348759
14.539633
21.413212
17.971216
21.801558
16.633808
22.902382
15.365998
20.922298
22.397295
21.760773
13.254972
24.021442
24.24524
12.914214
16.430822
22.801582
18.633463
16.524982
16.807112
17.997353
20.996334
16.096321
14.378951
19.173492
18.333893
19.775822
23.324638
21.681587
24.571634
20.644924
26.021732
16.864962
17.993881
15.4463005
21.27053
21.523376
20.237123
14.799699
12.186151
18.793894
9.060512
14.13553
11.166887
13.164827
15.97938
16.462818
12.870521
3.1478665
8.251617
19.345066
10.741226
11.8225355
14.859059
17.501701
19.6772
12.900493
21.127542
14.929399
16.315174
20.823448
17.96453
17.1084
18.833961
17.30122
9.498032
16.873928
18.932632
11.860317
18.854969
15.9567375
18.279629
16.139935
13.454782
14.202759
22.127285
15.030338
16.984762
16.3369
19.379452
19.67137
22.218681
17.816631
21.4617
18.827023
18.934166
13.651373
18.109678
18.130842
14.604863
19.936632
20.463915
10.65954
16.72333
17.286554
17.830898
13.538148
17.433264
17.445915
17.553482
28.607273
9.463933
17.341694
16.217833
22.901598
19.141525
17.673841
19.61129
13.27124
5.8533573
16.02517
19.407927
17.063274
21.879385
6.8900495
25.176836
18.880562
25.124462
15.824883
18.525127
13.11854
17.214283
18.253633
15.905654
16.823372
6.446305
22.112791
4.0726633
18.2628
16.291176
16.63779
13.90562
18.975277
21.700193
5.756582
16.507042
17.997911
14.043046
7.6240516
15.022939
20.813328
17.325579
14.685288
16.536531
20.378765
20.337303
18.338238
20.333607
18.182034
17.516943
22.880106
16.285631
20.724669
13.046702
14.991298
20.58124
10.580592
16.57744
19.77206
20.500826
16.216326
11.978929
18.794214
18.228529
17.860254
21.496782
16.053017
21.842499
21.532959
14.044734
17.54655
12.8397045
20.638538
10.761387
14.421443
16.14811
17.058868
14.971379
13.783026
20.60207
16.138485
23.034262
24.019203
20.451256
11.981704
20.101187
18.913847
18.44861
6.9476295
10.174976
11.83726
13.8134365
17.431929
10.998779
14.006964
8.505111
18.174795
24.143019
7.36898
19.010836
11.304961
16.707703
18.568007
10.846553
16.78234
11.664042
17.412113
16.593988
23.807941
14.227772
12.401994
8.961837
18.32939
9.584751
8.962258
23.084776
21.05117
19.505997
20.301115
21.964973
19.730822
18.19173
14.337301
21.770813
20.937632
11.960265
13.202238
17.238543
9.831102
11.990828
12.046533
19.26605
19.356298
16.528616
11.048652
23.346577
9.600053
15.055558
20.879261
13.176622
10.723624
20.935425
16.382622
16.740547
13.762105
16.613558
22.699656
23.77538
21.922085
23.23226
22.269945
15.084562
17.902662
12.016733
21.708479
19.940361
19.851532
22.574656
20.316181
24.231525
15.852212
17.51287
21.73419
27.656837
17.496367
24.115662
23.07536
20.842913
16.603252
16.533125
16.350916
14.427679
13.336529
14.198887
18.727053
13.600776
19.115566
17.025127
16.58157
20.331596
24.093515
17.584454
15.513753
15.763017
19.038328
24.129303
10.99916
16.949549
16.579256
16.066866
15.360322
19.660406
19.80386
14.40793
10.372999
12.8308325
15.056408
17.235394
11.79738
9.788823
11.948297
11.111482
20.866722
15.352498
15.495278
6.1773815
13.9365635
12.1187
12.269684
10.25877
9.682613
20.208492
16.279522
7.2182546
11.964299
12.691646
12.47547
10.708074
19.423796
3.5721083
10.913005
16.102686
16.43559
12.586131
17.178345
7.6455884
7.7549396
15.31939
17.521166
16.749071
18.148252
17.974037
13.126438
20.67692
16.772867
15.176082
23.011501
7.546272
11.32986
16.141487
16.662563
7.0556226
16.331867
12.529496
18.491306
13.215185
16.1753
18.88782
14.034631
11.7726555
17.980305
10.63291
14.227147
8.020802
4.0919857
18.099367
16.554396
16.408852
16.862322
18.724049
15.754708
10.95813
7.955791
14.112017
12.221956
16.939573
6.7961893
12.718693
12.672156
12.24719
10.841724
19.875977
17.753622
14.492342
16.505085
11.287176
21.475384
15.985925
21.90543
10.40336
18.54402
13.050033
11.081908
15.009024
20.7322
14.634188
18.97897
15.392396
15.707747
16.67553
15.442003
8.742374
20.046955
19.86072
13.1258135
19.929586
9.361329
13.437567
11.630294
9.789452
12.623119
14.887007
18.20445
12.115839
17.988018
18.44376
17.445229
13.307502
16.359365
16.592562
21.599487
17.25704
15.741182
15.864715
20.285362
17.122831
16.622957
16.183
17.879002
19.152239
20.231985
18.972197
20.09418
20.715315
15.01412
24.68976
27.0949
21.518394
17.289778
18.573141
17.304949
16.072319
23.337706
23.661318
15.458989
16.210312
13.470775
15.107056
19.64822
16.781862
16.762323
22.272488
22.243805
19.77399
28.244232
30.490833
21.905058
20.14323
10.853913
16.163258
24.23626
22.74785
18.879108
18.426287
10.906691
14.849235
15.552853
14.736846
26.570559
17.479246
17.539274
16.549625
18.200161
15.394969
17.680096
20.715786
17.502699
18.420225
14.468418
21.537388
18.84331
12.286997
17.223885
14.497914
18.046707
23.040602
20.821781
22.351744
23.307812
21.847965
16.02005
25.840332
20.936037
21.945574
22.21874
17.278362
16.151098
15.041372
15.008214
11.586578
11.7997675
8.628668
18.559929
24.43356
10.377831
16.632423
19.390953
20.095856
19.591372
24.897673
19.414581
18.019173
21.054186
18.025234
21.45288
21.258057
8.92609
14.9140415
17.789982
20.053202
16.888956
20.001495
20.761026
8.944744
19.564404
27.784227
14.385804
23.96775
11.841407
20.151602
9.04119
23.24782
16.4983
12.093372
23.912794
23.158367
10.754919
16.765041
26.61017
22.137491
12.49184
16.94071
24.607086
17.708853
19.69112
18.123217
15.051108
11.429698
7.092293
20.679897
19.352064
13.221533
22.78534
23.057076
17.837463
24.168518
20.960339
15.271763
20.89329
23.071392
19.79596
24.769428
19.373543
19.587526
26.88327
26.186716
16.256142
21.824604
18.796133
20.386936
11.593822
15.952418
16.76282
16.349802
22.759571
12.227851
12.436746
20.470278
15.175817
14.65332
22.258635
27.488997
19.387287
20.933279
13.510077
14.331152
14.522047
20.42099
20.21582
11.422003
15.883341
19.33534
16.223114
19.239855
21.515312
23.607115
23.881744
12.448038
15.802477
19.74764
20.83317
24.051615
20.614025
12.324288
13.641176
12.137949
17.153316
10.012632
16.288698
20.203012
6.2042975
12.060362
23.933817
20.067818
14.256227
17.397776
17.17506
11.734706
17.16994
13.27151
15.92207
18.590046
19.048374
12.966277
11.984455
16.194944
21.437157
7.9787326
23.428333
18.072817
23.088959
17.599758
23.018496
13.378557
13.884472
17.445026
9.626895
19.297432
11.233248
14.023695
5.00708
16.64313
10.017884
23.212934
21.97678
17.865711
18.715485
17.287155
22.7022
11.13466
10.844764
19.308708
22.909168
17.957138
18.365202
13.957577
13.408445
15.85563
22.940945
11.528417
19.514362
28.249674
20.934898
19.815876
9.690731
15.73879
14.935764
21.047077
19.866825
11.8580675
26.373579
19.344875
22.39642
22.692924
20.640678
25.206831
22.789753
14.451168
21.637297
28.18942
16.28708
19.773659
23.521475
14.667281
19.746857
22.918623
18.63232
20.432556
22.4898
19.261152
13.593386
21.340513
14.432768
14.724
23.463972
24.140053
23.163452
15.589662
17.52205
14.736498
15.629277
19.384792
24.62389
14.685084
23.105621
23.687075
20.763184
16.94644
16.191687
19.463316
22.64084
21.291227
22.830812
15.911312
19.916561
16.454895
29.081526
16.880276
16.568834
14.784845
23.624542
13.510118
20.450867
12.564861
18.397774
22.71931
12.725335
19.873781
16.944242
26.683971
20.374865
17.744076
20.130074
14.801847
19.775805
17.388956
22.515535
11.892202
14.15172
18.915737
13.91776
11.718919
25.631727
16.858105
18.351173
12.088411
6.77439
7.2373767
13.703226
12.410323
8.185456
13.171234
20.154612
11.618168
11.123556
14.303772
18.493023
10.716845
17.445677
19.078733
11.960931
12.919936
18.042343
20.53963
15.673525
19.124897
22.235914
21.31718
18.369686
14.129039
24.06132
16.454542
15.362632
20.521402
6.597659
14.795193
13.431483
14.94435
14.17624
18.656324
18.782366
22.374033
15.858129
19.583185
18.972546
12.272215
16.821476
10.377465
5.0224104
16.560238
17.38047
18.407562
14.884859
14.71496
14.56624
11.812948
19.434877
14.687312
19.221928
14.559617
19.926058
11.533138
17.0103
15.905748
16.26343
23.047194
12.709132
17.753868
12.122162
9.318646
17.330442
11.180515
16.137846
16.576246
22.457224
17.03922
19.78169
22.922903
12.692532
13.850913
15.318207
16.070093
7.2305913
17.837704
20.500004
15.360145
12.3266535
10.080347
14.234922
20.130383
14.524407
13.732607
11.053613
15.11611
17.86577
9.50746
24.183744
17.117678
11.068701
14.052348
14.165376
15.050282
17.752432
10.884399
15.693388
13.277223
13.259105
12.965345
16.376621
11.007578
9.085096
11.76336
8.261095
8.658288
14.467677
15.646658
13.8184595
19.642912
12.710735
13.485478
17.449085
13.029433
15.643021
19.054749
17.150421
15.604389
14.572504
12.330117
15.53882
18.535128
18.009878
15.050261
21.649364
14.710563
15.148783
17.401093
16.393553
17.265505
20.43998
17.41376
18.870922
20.657766
21.20396
14.328054
21.854275
16.570133
17.992985
14.612853
11.823912
16.92117
12.364132
12.249283
14.056131
13.151479
7.6263013
8.443793
10.4120035
22.842617
18.010357
7.3305583
15.745867
18.021374
18.819468
16.495338
10.118104
6.722577
15.325867
17.814505
22.967318
12.33287
19.05442
7.800391
15.005697
13.025552
9.256322
13.516475
8.51097
17.328442
22.267433
19.797136
18.882883
18.661592
20.515219
14.735784
15.1427145
19.537691
12.806834
22.57608
20.404621
14.959052
15.274982
17.994064
21.929121
19.009396
13.280645
16.226164
12.3980055
13.034689
15.007456
11.916642
11.728012
17.286081
10.007766
12.759431
10.064167
16.020512
13.868779
15.4522295
10.596055
12.724567
6.185372
11.990947
15.603339
10.770445
10.061504
10.040659
10.037835
9.883936
7.270576
12.095071
18.470093
10.175512
16.167961
12.8159075
17.98083
15.88125
17.223774
13.707831
9.190724
8.798061
14.782978
17.806795
13.814991
10.558718
21.800781
12.445705
13.384673
21.36271
12.814565
15.896523
13.28392
18.14368
13.516244
13.440094
9.551737
14.724168
14.876553
9.188489
18.027891
13.158865
18.065947
19.57527
13.970265
16.418976
14.705225
20.629457
16.888288
11.504584
15.159478
12.528055
17.723248
18.804861
12.730015
17.10912
13.918274
13.000738
13.285453
8.018266
4.7481947
11.2105
20.070967
8.217722
15.741761
14.718878
17.816265
17.710308
12.524491
13.73713
18.373394
17.136906
3.2894194
20.450247
14.625192
17.689161
9.133569
11.593818
7.9272285
7.477264
7.999036
9.083742
17.799507
11.837596
9.419689
11.997076
14.172567
17.35409
4.7338223
13.347519
12.557617
9.484269
15.259789
7.5986986
7.146837
7.679406
14.537136
10.75252
12.552833
24.224506
18.627575
16.11213
9.11651
5.473748
13.653686
11.4629755
14.459845
11.298787
10.935755
4.771927
9.474089
13.623879
11.380662
18.966423
19.231733
9.678155
9.680772
12.403355
14.327745
12.999505
12.112808
9.591561
9.06548
22.23936
13.625075
19.589
10.229371
17.422222
15.506364
11.404041
12.805616
8.717653
10.223877
18.446743
6.7933936
19.300743
14.92333
17.184559
8.807608
13.101019
11.076696
8.415841
8.108224
17.27798
15.35175
19.798326
15.986699
9.777737
15.090285
16.111814
16.374332
19.848803
15.549111
11.948257
18.689497
13.119216
17.186474
18.752285
15.801989
11.356324
15.622176
13.748932
17.903776
19.312338
11.57933
14.552237
6.3176565
11.820268
15.835933
9.375922
11.973629
15.797805
16.841118
9.939219
12.734273
4.618672
17.328129
12.437852
10.536438
21.034698
19.159454
19.935507
9.225898
15.11902
20.722134
11.546457
13.00646
9.653339
15.433989
19.048946
16.584053
10.092403
12.153748
5.584399
6.1830397
11.176305
18.274134
16.603268
4.863342
-8.371827
5.312122
10.356022
7.7815804
5.66293
11.810064
6.1017313
15.259523
10.656046
15.354864
12.31277
10.604366
3.6200995
-1.5846461
1.65358
9.688905
6.391793
10.013987
10.913837
14.294417
11.51584
-5.6664042
6.240448
12.49864
7.256859
10.068007
11.469111
15.251924
1.218028
-0.86338735
9.662013
11.656527
4.7181787
1.4379019
4.2992024
7.4708276
-0.017142296
4.596402
4.61435
3.514257
11.943181
15.23641
17.830248
22.710873
17.729673
21.794321
14.355906
13.226574
19.811165
15.336905
21.060059
12.606904
18.56084
21.727232
17.122364
9.907065
24.501982
15.897631
20.72217
19.017477
14.275259
6.81027
-0.16143182
16.551311
13.891247
21.244465
18.024157
12.103243
3.1870203
8.343225
9.567593
11.169668
4.3489947
2.6275506
2.4907866
8.64294
7.279792
1.0557125
12.596303
19.403748
10.325867
12.655369
10.440262
11.254072
11.508912
19.021059
13.243586
18.26627
8.516878
7.561591
9.709128
13.105503
4.278944
16.559471
12.855203
16.029362
19.30662
22.060446
17.032661
18.725584
22.414406
15.183186
21.670973
23.308603
12.376521
20.964527
17.563147
18.106869
18.802769
22.700207
17.235432
15.64101
21.448606
22.603664
12.09
20.794342
15.720872
16.956999
16.945616
11.716842
17.572609
22.443758
15.926828
11.221032
18.809017
18.186697
25.939838
18.461926
9.139527
18.40258
9.133555
2.8080394
6.122785
20.631763
10.197312
9.346732
9.224679
6.187858
14.379963
0.2829836
14.840158
14.286924
4.0373964
0.19714767
18.70321
13.388991
21.042828
6.1726155
18.837008
25.316708
15.725779
22.50814
17.949043
15.976704
17.702637
18.726994
15.348973
21.382023
25.525845
10.287917
17.714325
19.513058
21.751583
21.654999
17.257778
8.964934
14.9270935
13.997306
17.16378
28.135847
21.824432
21.997377
17.76882
7.580808
5.7316103
16.276716
13.247587
15.981342
16.912209
21.585667
10.69998
15.891682
9.871736
18.402348
9.948125
17.723179
15.28541
20.359066
9.057801
16.527788
14.395677
17.160183
19.87083
17.599138
21.14046
20.369894
13.261138
16.93479
14.939754
21.004671
15.647263
11.497084
16.247797
22.904144
8.627362
19.539421
16.393711
23.676594
17.979256
11.329381
7.848348
15.251997
12.236387
16.79343
13.561706
15.964914
13.175007
14.526725
10.478883
16.9861
24.937775
21.122599
11.1453705
20.005852
21.31583
13.394762
21.20975
12.574086
4.4537716
18.040794
20.715086
20.086658
14.4003315
19.614395
20.847443
16.468138
23.663527
18.863083
18.987085
17.006346
16.822609
23.093418
16.211
2.9337351
13.351247
18.67136
18.588718
13.4803295
18.252308
8.073389
3.0383914
21.447824
12.269815
10.025171
17.254498
9.228538
6.820259
5.895183
16.717104
13.811155
13.628591
22.310148
12.362415
19.292645
16.727983
15.309993
11.889609
15.266463
13.636358
17.74756
23.467983
19.53287
9.001774
16.82029
9.472254
13.830456
10.513427
18.929031
16.803251
15.294138
13.202186
17.36532
14.074184
17.391771
16.9131
15.946208
15.07606
22.12924
17.127613
16.148296
18.572193
12.312053
9.699157
14.280981
11.095377
7.641943
7.055576
9.575053
15.851373
12.217168
17.046972
20.85952
18.667725
19.432161
12.230861
7.4244485
12.022187
18.42384
11.583552
18.693048
17.061047
17.571774
18.733875
23.014936
15.953857
13.385868
16.621647
12.221501
21.295706
17.26144
27.030506
16.825693
16.576435
20.007841
10.880657
12.228675
13.147363
4.0200396
7.600053
3.849731
9.494995
18.317434
9.171094
0.00984401
15.7768545
8.40137
13.79616
7.209674
13.833563
12.384789
16.700901
11.7188635
5.3594446
2.246842
4.8695273
13.788697
13.2438755
3.6368005
2.1146421
14.181617
17.164085
18.021542
17.3475
15.515848
21.295933
9.140979
12.862346
18.592077
17.19046
14.014769
13.899448
7.9168935
7.093655
10.550062
9.384226
8.351283
9.04354
11.984262
14.444901
17.561314
8.283117
16.597223
6.076405
21.70623
19.023726
21.098055
15.788662
13.0646
12.433077
18.659756
8.552927
6.102633
1.6371738
15.558537
13.609191
12.000324
14.275558
12.988927
11.153383
19.876156
14.308524
24.37506
18.259962
9.859624
13.458922
10.936125
20.936684
17.7453
11.135859
10.462211
19.743765
6.775527
13.53209
7.840822
9.443759
9.774822
4.651781
9.848107
2.6480641
13.428877
19.766056
18.440527
15.203981
13.049982
13.477133
10.868602
17.52956
11.698465
18.63389
1.4631737
9.950975
10.939765
14.229945
13.945565
6.246256
8.148223
10.275982
8.4242
10.396205
18.192005
16.125793
14.75469
14.416977
4.529226
10.1853695
5.4890513
6.7545824
17.224672
3.8441544
1.7939485
1.4190154
6.813678
9.827592
17.939896
7.4626102
9.627925
8.156012
5.3747177
2.1031485
7.779748
9.091727
7.660536
-2.4809406
5.4993863
6.5997844
5.6092296
-1.6312464
15.3553505
9.790323
3.8690238
4.002895
6.873269
16.737968
-1.75137
5.825192
11.969206
15.848784
12.490853
8.625433
17.92793
6.73478
7.667781
6.803175
12.543045
20.024584
28.080421
15.079473
8.500889
2.790874
14.310206
17.95425
19.144186
8.980891
17.486418
10.190678
14.012334
14.347253
20.284306
21.562355
11.98693
21.986824
19.503685
21.511736
13.7203
17.62502
19.429049
12.921147
19.824736
14.971195
10.344624
15.503062
22.048899
15.198848
24.931406
16.003578
22.21718
19.428192
12.0559025
15.073342
14.353541
20.035744
19.377956
8.464662
10.17065
11.908248
20.21262
11.710383
22.46831
17.93262
18.252895
18.079842
9.410227
0.9553017
-0.79244703
-1.42111
16.792479
23.883156
17.741356
16.993916
7.190466
17.442106
13.893457
22.875935
17.788227
18.210594
14.679015
21.17164
18.332306
16.025902
17.603527
18.228598
20.632599
23.678755
14.666524
14.781169
19.532347
18.68915
9.231255
17.82587
19.471981
12.728729
17.651295
19.382967
18.132542
18.759052
11.829437
20.592884
16.087353
15.71315
19.831728
13.579189
9.779626
8.609127
21.46164
4.4293895
12.260693
12.291556
8.298395
9.408072
12.612108
14.769964
16.769915
16.961363
19.23887
22.460651
16.467766
20.248535
11.478251
21.454338
12.487899
19.977835
19.14937
21.828573
19.94118
22.510082
9.190695
7.5898438
24.136538
10.985377
11.316909
13.168359
11.385389
23.305813
7.101849
20.504543
21.015076
18.879292
12.5976305
21.709856
18.694872
18.33977
13.98018
18.259283
16.043049
18.192474
11.0768795
16.266613
14.434204
18.28407
9.769352
8.401345
9.535141
-0.55052406
4.6594334
2.1068063
14.96669
8.082585
2.7330487
2.933376
12.932124
2.0601254
5.725914
10.735672
14.521338
20.473244
4.0813637
5.742699
4.359493
12.216241
17.962702
17.816292
14.98491
-1.3411331
14.29326
17.484785
10.578388
7.794192
5.9769335
8.007631
12.282266
6.3862605
6.8598895
-2.4333062
7.3263073
1.2494727
10.368007
10.480565
14.828695
4.165189
0.5367105
21.846819
14.467993
5.980525
-1.4978377
7.244624
1.7979392
6.356731
4.1302214
15.100962
15.232734
19.448967
17.38041
21.416622
22.45232
18.643663
12.29279
24.168541
19.639622
8.524583
18.968786
16.921043
12.724958
18.719473
13.162405
19.555275
22.32306
14.5391865
18.363228
14.667255
13.584947
23.479301
20.614725
11.13404
9.839123
14.906849
9.485683
21.567211
21.991137
13.821207
18.35906
11.7057295
16.042965
18.568184
22.009682
17.027895
20.226168
21.829044
20.757372
14.061224
20.117647
26.127197
23.820396
17.501732
18.081455
22.330462
21.477282
21.338102
15.936325
4.312789
21.947096
16.497673
18.463854
17.44478
15.417748
19.501745
19.059969
19.81155
15.8239
19.149956
12.931795
16.38258
9.609925
9.944905
7.294825
9.363395
12.3759985
17.473387
13.445568
8.1990595
16.170214
13.2047
14.564973
16.704597
14.151542
18.50598
16.243757
16.183613
21.739973
8.465978
5.002013
12.902907
17.035667
14.451354
19.111805
16.107744
12.027593
17.152004
23.469414
20.026194
22.051065
13.72881
15.825562
14.176415
15.511952
18.464024
15.33193
14.763137
21.078178
17.498447
18.333462
17.49712
10.798331
20.698317
17.565002
15.294473
17.814339
11.586437
11.05002
16.929127
12.723975
19.296452
17.307173
17.8858
18.690834
11.840724
18.653442
23.659428
6.25103
14.380204
19.65073
16.221867
9.54592
18.52683
15.175103
16.014454
20.465475
13.997323
10.260255
16.55447
10.160239
17.710918
12.324463
17.0016
15.588318
13.59902
15.599653
17.769306
14.793188
12.521831
7.951734
9.875547
16.188728
12.659135
14.353591
3.9501684
12.382943
14.393981
11.838867
10.227792
6.840765
9.463026
8.874169
11.903737
11.217365
20.378944
7.44107
7.8832912
16.989857
18.461704
15.880678
18.460253
8.230065
12.70648
14.243496
14.197663
21.375978
12.889146
12.750115
19.228819
9.800053
13.1068945
22.634146
14.100865
11.894693
9.612651
11.433299
13.437417
16.269417
12.206522
13.79445
18.299091
19.061047
14.339042
20.028133
13.808567
13.741036
7.441745
13.935839
17.263924
12.798492
9.547244
18.7999
15.297062
13.526612
15.864166
15.400694
12.751558
15.161189
16.00898
16.304623
12.5398445
6.787822
6.6666164
10.58967
7.7664113
17.519426
8.769062
16.40663
19.497738
16.357723
17.732094
13.750835
8.879943
24.193539
17.40959
12.361497
15.9604845
14.129562
16.204777
12.896825
14.639307
15.997082
15.736501
9.015062
10.449383
17.792183
15.18449
17.41633
16.19234
15.293749
9.901916
13.920966
10.790605
14.4223795
10.101888
13.04067
12.847015
12.1579685
18.38391
10.712986
16.400501
14.21547
11.711623
8.539587
11.228882
15.82609
15.29954
14.669021
11.949972
11.186336
9.430721
14.566782
10.466256
10.209437
11.455395
11.342803
15.279471
10.756637
10.869659
12.312348
5.4597707
14.460031
11.571703
18.879425
9.490316
10.112483
9.433491
9.728717
17.798336
10.329004
18.77882
15.798652
13.836675
11.143162
10.74262
9.577001
32.75542
21.710182
17.367989
20.062685
20.14202
24.452248
25.004486
25.541187
23.550957
27.103916
31.8205
19.747913
20.997349
30.4347
24.211927
32.87478
23.03018
33.340664
27.044079
29.388458
24.3072
25.511848
27.914562
35.855152
20.848837
17.340117
23.422848
34.655922
18.60268
22.94036
21.619526
33.683353
24.855236
34.27233
29.196991
29.160002
29.472395
35.60544
20.113762
30.070944
27.473604
33.334927
35.63062
29.237118
26.66577
24.472933
21.68805
23.79257
31.75834
33.37276
33.780422
26.95967
27.015486
24.906002
20.349583
21.757402
29.054037
30.796438
31.023853
21.26054
28.920492
27.121151
23.25663
21.48486
20.502712
29.189882
20.14507
21.503735
30.022213
23.56712
23.683767
26.875551
18.06113
22.330976
24.627499
20.0869
22.762217
21.290478
24.708021
25.222256
26.774527
32.673714
26.92311
28.683342
29.488146
31.161781
23.396654
21.977488
20.456186
27.63984
18.799427
22.87759
20.48648
28.078646
27.565144
18.115988
22.09896
21.988985
13.108257
22.261843
30.124472
26.420359
18.839529
18.367495
24.148594
24.130892
15.468899
14.833793
16.492851
23.249104
21.842318
27.64713
25.543062
25.75359
35.84472
24.295605
30.791197
24.78647
21.721611
23.985664
39.784874
28.36971
32.456497
23.894318
28.198992
29.919634
30.730797
30.844776
34.730305
28.216774
21.369846
37.865288
29.575653
27.4305
21.664764
23.995008
32.193634
25.158386
20.775871
18.89025
35.461815
26.03991
20.48919
30.782928
23.012959
32.02769
30.234138
23.321045
20.892445
28.040731
29.7947
32.868507
34.985268
24.756447
34.93406
35.0197
36.24794
33.138046
35.16294
26.659288
33.727913
17.98332
32.591476
26.592743
32.099815
28.753801
26.228584
34.385216
28.251097
29.853392
41.79444
26.252169
23.15311
22.158325
25.7363
36.506077
22.63329
21.93456
25.367418
32.47537
23.810879
12.127633
13.222712
11.326797
18.953396
15.164646
15.832834
18.102852
15.591326
14.875892
11.612141
12.766052
14.003564
14.948623
10.207697
12.220221
15.443049
18.186314
9.352051
13.585845
15.330876
14.213928
18.329388
11.467723
22.220247
14.041088
8.262705
10.036562
12.817148
11.891087
13.383099
8.210726
8.756516
10.861393
14.189858
8.674267
13.852011
13.327586
15.205141
18.748806
11.796731
10.347721
13.952691
15.764495
6.5141063
7.8175015
8.75493
15.29663
14.611608
15.238535
15.084417
14.772574
15.213032
15.494797
10.024298
8.393807
13.569529
14.027111
11.691688
12.489807
13.845315
9.406073
14.98343
16.456306
14.457561
12.788011
11.653678
17.431318
14.575082
19.853045
14.546389
14.96071
13.717451
13.2915745
10.760529
13.61614
16.838657
6.8338795
12.983698
17.69229
16.202852
17.36983
10.315853
14.871064
18.8142
16.223402
14.929569
13.699535
9.077238
12.69334
7.7686176
10.259449
4.2722864
16.351128
9.151492
13.362272
14.508898
9.864982
14.005148
3.1084573
15.476351
7.0332174
9.798155
14.4046545
11.107245
14.046275
5.141054
11.72915
13.800273
15.773718
14.686201
6.2111197
13.087195
11.720919
14.670009
14.993796
11.572128
12.339601
18.57574
10.847879
20.793789
17.330153
12.439468
12.422527
9.676966
7.2846584
10.240254
10.264749
15.106454
10.331262
15.129366
9.874521
12.441192
16.886383
9.707722
15.169994
17.43458
16.054596
15.668428
13.466767
9.056871
16.592716
12.517837
6.7839017
10.661788
16.6508
6.5012965
12.797242
12.096276
19.610456
11.00878
18.709435
14.862341
9.45094
19.724312
12.669978
12.125859
11.0153675
10.326832
13.191772
8.758687
12.022506
16.994106
15.318971
14.229484
12.154413
16.840723
9.473158
8.782118
13.698334
21.699259
16.774807
14.672913
15.424577
23.74014
22.942104
19.563013
28.718533
20.27181
11.06095
15.229355
10.741058
22.310596
17.754568
15.551973
26.87621
22.023102
36.571312
24.905245
33.59995
26.385832
22.209473
5.7991204
12.490823
36.245743
