-0.09
0.11
-0.55
-0.83
-0.8
-0.04
0.6
-0.36
-0.08
0.44
-0.94
-1.57
0.67
-0.08
0.68
0.15
-0.7
-0.14
0.75
0.15
0.31
0.03
0.52
-0.03
-0.42
-0.49
-0.49
-0.89
-1.41
-0.21
-0.51
-0.41
-0.17
2.35
0.13
0.41
0.24
0.69
0.14
-0.44
-0.26
0.02
0.78
0.41
-0.17
-0.43
0.64
-0.17
1.0
-0.94
0.69
-1.16
1.12
-0.65
-0.48
0.01
-0.85
-0.57
-0.61
-0.64
-0.4
0.03
0.28
1.12
-0.56
-1.18
-0.05
1.87
1.03
0.09
-0.15
-0.19
-0.04
1.31
-0.42
-1.84
-1.06
0.77
-0.79
-1.78
-0.19
0.57
-0.48
-0.55
0.96
-0.27
2.6
0.79
0.72
-1.01
0.5
0.62
-0.29
-0.97
-0.6
-0.35
-1.25
0.2
-0.07
-0.64
0.28
0.2
-0.29
-1.01
-0.09
-0.17
0.19
1.19
-0.46
-0.68
-0.71
0.57
-1.47
-0.26
-0.15
-0.97
-0.46
0.72
0.25
-0.74
-0.2
-0.1
0.18
-0.21
0.79
-0.62
0.13
0.04
-2.98
0.77
0.64
-0.14
1.48
-2.01
-1.25
-0.78
-1.68
0.98
-2.29
-1.34
1.26
0.94
0.47
0.02
2.05
1.64
-0.2
1.71
0.69
-0.78
0.64
-1.04
1.58
0.44
-1.89
-0.18
0.07
-2.04
-1.44
0.56
0.33
0.36
-2.08
-1.47
-0.56
0.26
-2.06
-0.83
0.07
1.2
-0.11
-0.17
0.91
-0.2
0.55
-0.56
-1.45
-0.16
-0.07
-0.71
-0.03
1.19
0.67
-0.7
-0.09
1.27
0.63
-0.02
0.03
0.26
0.06
-0.22
0.21
0.7
0.96
-0.44
-0.11
0.37
-0.48
0.87
0.61
-0.44
0.38
-0.39
0.13
-0.81
-1.14
-0.35
-0.09
0.33
0.2
0.65
0.54
0.68
1.3
-0.38
-0.05
-1.07
0.77
-0.6
-0.62
-0.53
-0.02
-0.31
0.07
-0.22
-0.14
0.49
0.62
0.37
0.08
-1.31
0.71
0.8
-0.68
0.19
-0.37
-0.62
-0.23
-0.05
-0.28
2.45
-0.54
-0.14
-0.67
1.87
0.23
-0.69
-0.25
0.14
0.13
-0.1
0.37
-1.11
-1.33
-0.65
-0.43
-0.39
-0.11
-0.73
-1.05
-0.37
1.17
-0.41
0.1
-0.01
0.06
1.07
-0.9
-0.65
-0.58
-0.11
0.21
1.1
0.28
-1.53
0.33
0.13
-0.26
-1.34
-0.98
0.46
1.95
-0.76
0.56
0.8
-0.24
-0.12
0.04
0.38
-0.78
0.72
-0.56
0.6
-0.36
-1.15
0.44
-0.4
0.68
-0.51
1.26
-1.33
-0.01
-0.7
-0.73
0.3
1.29
-0.19
-0.43
0.18
-0.31
0.47
0.15
0.74
-0.85
0.09
-0.29
0.32
-0.05
-0.36
0.14
-0.95
0.29
-0.25
0.07
0.12
-0.32
0.52
-0.16
-0.31
-0.69
0.25
-0.45
-0.21
0.53
-0.23
0.97
0.25
0.25
-0.53
0.22
-0.87
-0.02
0.75
0.07
-0.58
1.02
0.71
-0.44
-1.34
0.11
0.15
0.24
0.37
-0.23
-0.31
-0.87
-0.42
0.06
-0.26
-0.53
-0.03
1.04
-0.63
-0.58
0.65
0.29
-0.46
-0.05
1.03
0.64
-0.02
0.12
-0.5
-0.59
-0.67
0.32
-0.51
-0.95
-0.32
-0.34
-0.48
0.36
-0.02
0.27
0.93
-0.48
0.17
-0.31
-0.51
-0.15
-0.36
0.34
-0.23
0.48
0.33
-0.16
-0.11
-0.38
-0.4
-0.17
1.12
0.66
0.07
1.2
0.63
-0.27
-0.43
1.49
-0.5
0.05
-1.16
0.16
-0.3
-0.15
-0.81
-0.19
1.98
-0.8
-0.65
1.16
-0.78
-0.67
0.59
0.1
0.33
0.17
-0.27
0.38
-0.8
0.1
0.49
-0.36
-0.69
-1.18
0.47
-0.02
-1.06
-0.47
0.55
-0.2
0.7
-0.61
-0.38
0.26
0.13
-0.51
0.06
0.96
-0.06
-1.47
0.59
-0.61
-0.07
0.87
-1.01
-1.01
-0.01
-0.81
0.53
0.06
-1.48
-0.68
0.07
-0.45
-0.47
0.45
-0.31
0.18
0.02
1.02
0.01
0.45
0.93
-2.07
-1.79
0.2
0.5
-0.8
-0.58
1.31
0.39
2.02
0.57
0.79
-0.63
-0.17
0.09
-1.95
-0.15
0.54
0.53
-0.46
2.19
-0.68
1.82
3.27
1.11
-0.68
1.54
1.36
0.26
0.56
0.44
0.72
-0.57
0.69
-0.35
-1.59
0.68
-1.55
-2.15
0.23
1.09
-1.47
1.35
-0.99
0.06
0.35
-0.31
-1.63
0.44
-0.06
-1.27
-0.68
-0.89
1.21
-1.25
-0.45
-0.09
-0.39
-0.76
-0.32
-0.19
1.25
2.15
-0.21
-0.78
1.94
0.5
0.81
0.78
-0.25
0.57
0.02
-0.36
-0.67
0.59
-1.43
0.93
-0.58
-0.63
0.03
0.34
-0.35
0.88
-1.17
1.05
-1.55
1.38
0.41
0.44
-0.23
0.15
-0.01
1.0
1.01
-0.3
-0.17
0.65
0.31
-0.88
-1.96
0.71
-0.67
-1.63
-0.32
1.29
-0.29
0.19
-0.22
0.05
1.19
0.81
0.47
-1.14
0.24
-1.64
1.1
-1.4
0.01
-1.79
0.83
-0.31
0.52
-0.64
-1.01
0.22
0.38
-0.38
-0.45
-0.42
-1.04
-0.4
0.06
0.46
0.27
0.87
1.37
1.89
0.69
0.49
0.7
-0.64
-0.51
0.26
-0.02
0.12
-0.16
-0.34
-0.0
-0.34
-0.11
0.53
0.71
-0.55
0.38
-0.25
-0.47
1.72
-0.64
-1.94
-1.13
-0.52
0.05
-0.24
-0.47
-0.58
0.62
-0.87
0.81
0.05
-0.48
0.02
-1.28
-0.66
0.08
-0.2
-0.56
-0.45
-0.3
0.07
0.07
-0.21
0.05
0.13
1.69
1.38
-0.87
0.4
-0.37
0.67
-0.09
-0.93
-0.71
0.62
-0.85
-0.91
0.12
-0.03
-1.88
-0.17
0.44
-2.76
0.43
-0.22
-0.54
0.43
-2.81
-0.79
-0.54
-0.42
-0.64
0.78
-0.71
0.92
0.77
2.98
-0.7
0.14
1.11
-0.86
-0.25
-0.39
0.05
1.47
-0.8
-0.11
-0.59
0.4
1.2
1.02
0.01
0.58
-0.36
0.26
-0.36
-0.44
-0.33
0.21
2.08
-1.44
-0.9
-0.73
0.79
0.58
-0.16
0.77
-0.35
0.19
-0.54
-0.88
-0.96
-0.09
-0.33
0.5
-0.07
0.63
-0.43
-0.33
1.17
0.06
0.68
0.67
0.45
0.37
0.15
1.28
-0.62
-0.4
-1.4
-0.29
-0.91
0.1
-0.4
0.01
0.82
-0.47
0.4
-0.96
0.97
-0.13
-0.35
0.53
1.36
-0.51
0.33
0.53
-0.82
0.0
-0.73
-1.18
0.59
-0.19
0.02
0.82
-0.43
0.61
0.19
0.21
1.64
0.88
0.69
0.42
0.24
-2.02
-0.29
-0.79
1.2
-0.21
0.16
-0.27
-1.33
-0.05
0.12
-1.02
0.97
-0.82
-0.9
-0.22
1.83
0.24
-0.34
-0.53
-1.12
-0.1
-1.08
-0.42
0.63
0.08
0.9
-0.08
0.8
0.09
-0.22
0.09
-0.53
0.39
-0.19
2.86
-0.69
0.26
-0.57
-0.05
-0.29
0.63
-0.66
1.03
-0.52
-0.51
0.67
-0.4
0.18
0.47
-0.2
0.13
-0.45
-0.93
-1.07
-0.82
0.14
-0.42
1.06
-0.94
0.08
-0.16
-0.57
-0.4
-1.27
0.33
-0.71
-0.23
0.21
-0.67
0.63
-1.75
0.07
-0.57
0.41
1.09
-0.6
-0.61
-0.63
0.03
1.28
-1.71
1.83
0.01
1.87
-0.04
-0.23
0.11
0.99
0.4
-0.26
0.28
0.1
-0.75
0.25
1.29
-0.17
0.39
-0.77
0.05
-1.17
0.21
0.28
0.38
0.14
0.62
0.58
-1.4
-0.37
0.75
-0.64
1.19
1.1
0.48
-0.23
-0.89
1.76
-0.81
0.85
0.72
-0.42
-0.13
0.69
0.07
-0.4
-1.09
0.37
-1.5
-0.59
-0.06
-0.33
-0.85
1.98
-1.87
-0.3
-0.52
1.33
-1.11
-1.3
0.38
-0.97
0.32
0.09
0.08
-0.9
-0.45
-0.26
-0.24
0.16
0.4
1.82
1.13
0.97
-0.67
0.71
0.03
1.21
-0.32
1.37
0.27
-0.18
-0.62
0.62
-1.11
-0.43
-0.09
1.04
-0.7
-0.13
-0.22
0.45
1.09
0.31
-1.28
-0.29
0.32
-1.01
-1.39
0.06
-0.53
0.94
1.82
-0.9
0.43
-0.69
-1.3
-0.15
-0.09
-2.2
-0.86
0.05
0.41
0.54
-2.34
-0.1
-0.41
0.14
0.1
0.06
0.07
0.34
-0.91
0.81
0.45
-1.09
-0.58
-0.11
0.24
-0.75
0.26
-0.13
0.09
0.5
1.22
-0.36
0.96
2.41
1.1
-4.46
-0.01
0.75
0.55
-0.59
-0.18
-0.61
-0.8
1.57
-1.53
0.67
0.32
-0.12
0.13
0.04
0.33
0.13
-1.28
0.57
-0.03
0.44
-0.69
0.62
1.43
-1.07
0.07
-2.5
-1.42
0.52
-1.35
-0.93
0.14
0.21
0.31
1.88
0.66
-0.4
0.32
0.35
-2.78
-2.6
1.67
-0.88
-2.4
-0.9
1.99
-1.98
2.56
-0.95
1.1
-0.51
1.49
-2.41
0.67
-0.59
-0.57
-0.26
0.08
1.28
-1.18
-0.92
-0.39
-0.04
1.12
-0.37
0.76
0.71
-1.11
-0.18
2.26
-0.44
0.62
-0.55
-2.06
-0.98
1.05
0.26
0.66
-0.12
-0.21
0.32
0.59
-0.88
-0.37
0.34
0.2
2.48
-0.19
0.75
1.7
-1.88
1.22
0.08
-0.3
-0.41
-0.01
-0.58
0.11
-0.71
-0.53
-0.26
-0.51
0.09
-0.46
2.3
-0.79
0.55
0.88
-0.65
-0.6
-0.02
-0.79
0.14
-1.31
0.26
-0.65
-0.77
0.62
0.82
-0.77
-0.39
0.11
-0.48
-0.36
1.02
0.64
-0.25
-0.49
-0.28
0.82
0.19
0.65
0.23
-0.11
-1.19
0.51
-0.16
0.37
0.51
0.21
-2.53
-0.5
-1.16
-0.05
-0.07
-0.33
0.46
-0.31
-0.9
-0.79
0.47
0.17
0.4
-0.55
0.11
0.49
0.4
-1.02
-0.16
-1.3
1.61
-0.09
-0.63
0.14
0.89
0.26
-0.38
0.09
0.3
-0.13
0.05
0.58
0.06
-0.06
-0.97
-0.34
1.37
-0.42
-0.07
-0.4
0.35
-0.05
-0.34
-0.49
-0.65
0.19
-0.65
-0.57
-0.11
-1.31
0.9
-0.09
0.45
0.9
-0.35
-0.54
-0.35
-1.76
0.14
0.21
-0.56
-0.06
0.1
-0.24
-0.15
0.19
0.43
0.02
-1.29
0.26
-0.93
-0.5
0.27
-0.24
-0.69
0.96
-0.05
2.34
0.31
-2.3
0.65
2.13
-0.04
-0.34
-0.36
-0.12
-0.03
-0.59
-1.07
0.15
0.07
-0.04
-0.81
0.42
-0.87
1.05
0.19
0.32
-0.04
0.22
0.04
0.29
0.31
-1.44
-0.04
0.0
0.84
0.3
-0.02
-0.33
-1.26
0.43
-0.51
0.32
-0.57
0.25
0.12
-1.23
0.09
-0.53
-0.8
0.97
2.07
0.18
-0.12
-0.77
-0.24
0.53
-0.05
-0.71
-1.24
-0.43
0.69
0.18
-0.08
-0.97
-0.75
0.48
-1.41
0.04
-0.18
0.26
-0.21
-0.35
-0.17
0.07
0.04
0.56
-0.43
-0.77
-0.01
-0.81
-1.08
-0.8
0.22
0.27
-0.95
-0.05
-0.53
0.4
-0.71
1.13
-0.34
-0.54
-0.06
0.46
-0.28
-0.14
0.07
-0.42
-0.79
-0.17
-0.23
0.64
-0.72
-1.44
0.81
-0.72
0.49
-1.09
0.07
-0.2
0.5
-0.36
-0.1
-0.57
-0.28
-0.05
-0.51
0.89
-0.49
-0.04
-0.64
-0.44
-0.5
-0.15
-0.48
0.77
1.44
-0.96
-0.86
-1.94
0.09
-0.17
-0.03
0.34
0.33
-0.91
-0.16
0.17
0.76
-0.58
0.05
0.65
-0.1
-0.67
-0.22
0.24
0.94
-0.81
-0.02
-0.42
-0.56
-0.78
1.58
-0.35
-0.99
-0.37
0.53
0.09
0.28
1.55
0.45
-0.39
0.32
0.34
0.22
0.58
-0.92
0.12
0.49
0.21
-0.51
-0.93
2.25
0.04
-0.76
0.85
-1.17
1.16
-0.32
-0.48
-0.54
0.37
-1.37
-1.38
-0.19
-0.43
0.22
0.16
-1.22
0.24
-0.39
-0.26
0.65
0.84
-0.04
-0.09
-0.25
-1.52
0.38
-0.39
0.22
0.09
-0.44
-0.53
-0.38
-0.52
0.35
-0.38
-0.51
0.39
0.41
-0.64
-0.01
0.21
0.21
1.65
-1.33
-0.73
1.06
-0.97
-0.53
0.51
-0.14
-0.03
0.03
-0.61
-0.39
0.03
0.56
-0.08
-0.32
0.98
-0.68
-0.51
0.32
-0.75
-0.52
-0.09
0.59
-0.48
-0.2
1.12
-0.16
-0.0
0.47
-0.69
-0.43
0.1
-0.06
-0.33
1.39
-0.6
0.14
0.46
0.09
-0.13
-0.86
-0.26
0.61
-0.01
-0.25
-1.31
-0.05
-1.33
0.7
0.06
-0.15
-0.65
0.65
0.11
1.45
0.05
-0.5
0.05
0.25
0.06
-0.21
-0.71
-0.01
1.05
-0.02
0.71
0.04
-0.42
-0.01
-0.25
-0.1
-0.07
1.1
-0.9
-1.2
0.83
0.33
-0.49
-0.14
0.16
1.03
0.29
-0.05
-0.29
-0.55
-0.15
-1.09
1.82
0.93
-0.17
-1.21
-0.69
0.14
-0.08
-0.53
0.12
0.07
0.29
-1.76
-0.11
-0.75
-0.09
-0.86
0.6
0.01
0.08
0.1
-0.23
0.75
-1.91
0.68
-0.02
0.08
0.06
-0.58
-0.2
-0.16
1.58
0.64
-1.02
-0.07
0.84
-0.37
0.33
0.31
-1.11
-0.85
-0.4
-0.4
0.1
-0.26
0.16
0.82
-0.64
-0.64
0.27
-0.08
-0.28
-0.5
0.19
-1.13
1.28
-0.89
0.24
2.22
0.02
-0.02
-0.95
0.05
0.66
-1.36
0.38
-0.81
1.43
0.15
-0.89
-1.05
0.15
-0.48
0.23
-0.57
0.45
-1.29
0.92
-0.7
-0.65
0.35
-0.8
0.42
-1.32
-0.31
-1.29
-0.36
0.72
-0.2
-0.42
-0.34
-0.86
-1.98
-2.84
1.07
0.29
-1.03
0.46
1.76
-1.09
-0.14
0.39
1.12
-0.01
0.13
0.19
-0.21
0.65
0.73
1.73
0.55
-0.25
-1.02
1.16
0.4
-0.32
-1.48
0.69
0.48
-1.1
-0.53
-0.75
-0.93
1.52
-0.5
-0.31
-1.0
-0.59
0.33
0.74
-0.88
-0.82
0.0
0.73
0.86
-2.79
-1.02
-0.92
0.56
0.27
1.17
-0.91
1.49
-0.32
-0.5
-0.57
-1.58
-1.91
0.1
-1.76
-0.33
-0.04
0.62
0.17
-1.28
-1.52
0.27
0.43
0.59
1.89
-0.68
1.38
-0.13
0.0
-0.42
-0.36
2.43
-0.53
0.04
-0.15
-0.09
-0.23
2.71
0.22
-1.02
-2.02
-0.53
0.14
1.58
0.29
-0.51
-0.15
0.63
-0.14
0.04
0.2
1.39
2.61
-1.31
-2.09
1.09
-0.3
0.64
0.76
-1.93
0.39
-0.43
1.01
-1.44
1.07
-0.43
-0.23
0.83
0.32
0.66
0.2
-0.49
0.47
-0.07
0.38
-0.04
1.57
-0.95
0.75
-0.44
0.79
-0.46
-1.19
0.4
-1.26
0.3
-0.52
-0.73
0.58
0.44
0.13
0.05
0.21
0.83
0.8
1.46
-0.36
0.82
0.52
-0.12
-0.09
0.25
-0.84
-0.08
1.3
0.53
-0.24
-0.48
-0.01
-0.16
0.16
0.52
0.76
-0.15
1.23
1.08
-0.4
0.7
-0.64
-0.36
-1.88
-0.25
0.31
0.5
-1.72
0.45
-0.5
0.08
-0.05
-1.98
0.56
0.13
0.26
-0.0
-0.23
0.64
0.0
0.35
-0.1
0.12
0.91
0.26
-2.65
0.22
-0.39
0.72
0.32
-0.05
3.02
0.6
0.49
0.71
0.87
-0.23
0.1
-0.2
0.1
-1.0
-0.68
-0.79
-0.04
-1.09
-0.19
1.2
-0.71
1.42
-0.79
1.04
-0.17
-0.99
0.34
-0.53
-0.01
0.23
0.97
-0.24
-0.99
-0.12
0.8
0.26
0.67
0.6
-0.64
-2.16
0.36
-2.21
0.65
1.01
0.59
0.76
-0.37
0.43
-0.02
-0.33
0.03
0.18
0.69
0.92
0.35
0.51
-0.33
-0.31
-1.04
2.33
0.07
-0.57
0.05
-0.69
-0.39
-1.34
-0.12
-0.29
0.97
0.51
-0.63
-0.57
-0.32
1.42
0.81
-0.15
-0.11
0.42
-1.0
-0.93
2.81
1.29
-0.11
0.68
-0.01
-0.63
-0.6
0.4
-0.12
-0.51
0.04
0.76
0.75
-0.59
-0.66
0.03
-0.13
-1.55
-0.16
0.47
-1.02
0.61
0.17
-0.15
0.85
1.29
0.11
-0.21
0.3
0.36
-0.9
-0.03
-1.39
2.08
0.31
1.26
0.26
-1.02
0.62
-0.47
-1.26
-0.27
-0.37
0.06
-0.63
-1.21
0.49
0.18
-0.03
-0.38
0.05
0.23
0.47
-1.6
-0.06
0.5
-0.36
0.93
1.17
0.64
0.53
0.55
-0.24
-0.25
-0.1
0.84
1.33
1.44
0.33
-0.53
-0.26
-0.43
-0.75
1.64
-0.03
-2.04
-1.3
0.74
1.15
-0.28
0.28
-0.21
-0.36
-0.21
-0.28
-0.19
-2.35
0.4
-1.66
0.64
0.28
-1.01
1.01
0.6
-0.07
1.16
0.14
-0.69
-0.5
1.31
-0.82
0.01
0.64
-0.01
1.15
0.63
0.06
-0.76
-0.19
0.47
0.33
0.13
-0.84
-2.0
0.24
0.35
-0.31
-0.67
1.06
-0.46
0.22
-0.3
-0.66
0.03
0.17
1.42
0.63
0.66
1.14
0.7
0.24
-0.16
-0.38
-0.57
0.45
-0.45
-0.29
-0.89
0.24
-0.56
0.25
0.28
-1.18
-0.13
-0.06
0.31
-0.28
0.94
-0.26
-0.13
0.8
-1.15
-0.02
0.36
1.02
0.23
0.18
-0.03
0.29
0.83
-0.53
-1.01
-0.99
0.17
0.64
-0.99
1.06
-0.59
-0.34
-1.01
0.18
-0.36
-0.16
-0.63
0.53
-0.12
1.23
-0.13
0.4
0.98
-0.83
0.89
-0.14
-1.33
0.87
-0.38
1.44
1.23
1.42
0.21
0.45
0.18
1.06
-0.69
0.92
1.5
-0.48
-1.43
-1.09
0.61
1.04
0.65
0.37
0.1
1.06
1.61
0.06
0.52
0.5
0.48
-0.92
0.68
-1.99
-0.62
0.4
0.96
0.06
0.4
0.11
-0.5
-0.61
-0.61
-0.39
0.61
0.46
0.14
0.71
0.03
0.43
0.43
0.36
0.51
-0.34
0.58
0.39
0.95
-0.63
-0.87
0.51
-0.35
-0.03
0.91
0.28
1.24
1.76
-0.32
0.86
-1.0
0.27
-0.03
-1.27
0.78
0.57
-0.08
-0.17
0.57
1.37
1.11
-1.98
1.87
0.82
2.09
0.88
-0.54
0.95
0.59
0.06
-0.68
-0.31
1.33
-0.64
-0.54
-0.47
-2.28
-0.64
0.14
-1.19
-1.97
-3.81
-1.0
-0.51
-1.24
-0.1
-1.01
0.17
0.6
-0.23
1.89
-0.23
-0.55
0.04
-0.12
-0.94
0.25
-1.3
0.0
0.35
0.6
-0.9
-0.43
-1.1
-0.83
-0.09
0.1
2.7
0.4
0.74
-1.4
1.93
-0.31
0.37
-0.59
1.43
0.06
1.52
-1.3
0.79
-0.83
-1.25
5.92
2.3
0.28
0.5
0.77
2.34
0.06
0.62
0.89
0.7
0.45
-0.71
0.79
0.27
1.2
-1.1
-2.3
-2.0
-0.15
-0.13
-0.87
1.02
1.17
1.06
0.53
2.43
0.38
-0.03
0.03
-0.49
0.85
-0.71
0.46
0.6
1.49
0.18
0.42
1.42
-0.51
-0.06
-0.77
-0.93
-0.53
-1.18
-0.24
1.34
0.03
0.77
0.04
-1.34
-0.41
0.29
-0.13
0.24
-0.78
0.92
-2.13
0.48
-0.12
-1.96
-0.85
-0.06
1.91
0.09
0.34
-1.45
2.85
-2.72
0.69
-2.11
1.68
0.41
0.47
-0.45
2.93
0.71
-6.09
0.08
1.17
-0.78
2.51
-1.68
0.32
-1.51
0.58
-0.82
0.03
0.51
-0.89
1.35
0.56
1.0
-0.52
0.15
0.02
-1.17
-0.27
0.09
0.18
1.38
-0.51
0.75
0.05
-1.3
-1.96
-0.52
-0.59
-0.41
-0.87
0.61
1.61
-0.64
-0.13
-1.22
0.4
-0.24
0.83
0.86
-2.24
-0.12
0.5
-1.5
-0.9
1.27
2.09
-0.75
0.58
-0.48
0.23
-0.18
0.39
-0.77
1.12
1.25
-0.76
-0.48
-1.16
-0.24
0.43
0.24
-0.54
-1.41
1.89
-0.57
-1.62
0.32
-0.55
0.09
0.39
-1.41
1.06
-0.69
-1.38
1.79
0.21
-0.45
0.44
-0.98
-1.06
-1.39
1.96
0.29
-0.76
-0.34
-0.06
1.39
1.25
0.28
-1.2
1.07
-1.7
0.19
-0.56
-0.59
-0.11
0.11
-0.04
0.01
0.03
0.75
-1.85
0.78
1.9
1.15
0.58
1.27
-1.61
-0.48
1.0
0.5
0.53
0.79
-1.36
0.43
0.16
-0.95
-0.82
0.15
0.47
-1.01
0.2
-0.42
-0.86
1.23
-0.71
0.0
-0.49
-0.04
0.14
0.5
0.91
0.11
-0.94
-1.67
1.49
0.84
0.78
0.45
1.26
0.89
-0.16
-0.5
0.9
0.05
-0.85
1.75
0.33
0.27
0.72
1.57
0.93
0.79
-0.05
0.08
1.03
-0.49
0.6
0.16
0.82
0.75
-1.83
0.46
-0.12
-1.06
-0.44
0.82
0.06
-2.96
-2.87
0.83
-1.48
0.31
-0.66
0.54
0.03
0.07
-0.62
-1.02
-1.12
0.77
-0.14
-1.25
0.8
-0.7
-0.1
0.76
0.31
-0.18
0.46
-1.42
0.11
-0.79
0.33
-2.14
0.3
-16.82
-17.22
-15.97
-7.05
-8.9
-14.49
-18.55
-13.4
-25.78
-14.48
-14.09
-12.74
-11.12
-9.51
-13.3
-12.86
-13.76
-14.84
-15.83
13.46
-12.4
-13.11
-21.19
-15.85
-11.95
-18.2
-15.35
-14.46
-15.93
-14.19
-17.51
-10.11
-16.02
-20.9
-12.46
-8.5
-5.15
-19.09
-23.09
-21.94
-12.95
-20.63
-8.63
-30.72
-18.99
-15.91
-20.86
-13.68
-14.88
-19.82
-15.84
-14.01
-22.25
-9.15
-14.26
-35.61
-20.47
-11.58
-21.66
-14.71
-6.09
-13.48
-13.77
-0.59
-13.28
-8.46
-19.75
-12.66
-13.88
-12.22
-16.87
-11.55
-12.06
-9.26
-9.04
-10.91
-11.22
-14.68
-10.84
-8.31
-7.63
-11.98
-10.73
-12.97
-11.26
-6.75
-6.43
-23.24
-7.61
-12.43
-8.74
-15.73
-16.84
-11.31
-9.33
-9.67
-12.38
-5.35
-14.0
-9.36
-8.18
-10.65
-17.9
-11.89
-9.31
-13.63
-10.4
-6.41
-12.82
-10.96
-8.94
-15.75
-5.51
-6.65
-15.85
-9.63
-7.6
-13.17
-21.3
-16.36
-15.17
-10.04
-11.36
-17.39
-10.44
-8.99
-11.55
-12.51
-18.48
-13.13
-12.75
-7.95
-12.26
-12.13
-6.68
-16.5
-17.24
-8.69
-8.77
-6.69
-11.2
-7.14
-22.7
-14.28
-13.24
-12.93
-10.16
-11.31
-9.4
-16.29
-8.12
-7.93
-11.61
-21.87
-8.76
-18.27
-17.46
-11.66
-16.36
-7.5
-7.01
-11.2
-9.16
-6.33
-9.1
-8.4
-8.34
-15.36
-13.44
-5.6
-7.61
-8.7
-6.49
-11.3
-8.56
-7.63
-8.62
-6.06
-8.7
-9.39
-13.07
-4.97
-14.14
-15.82
-38.48
-15.61
-13.4
-11.28
-20.64
-9.57
-21.42
-16.14
1.59
-10.89
-10.34
-9.34
-13.93
-8.03
-12.91
-13.04
-13.09
-11.83
-13.93
-10.67
-9.35
-11.72
-13.85
-8.89
-8.8
-7.46
-8.07
-13.52
-10.99
-14.04
-13.18
-16.08
-9.75
-23.02
-6.39
-13.43
-13.36
-11.24
-17.49
-14.85
-10.56
-8.76
-8.04
-11.57
-10.6
-11.22
-7.51
-9.4
-10.98
-18.65
-17.45
-11.26
-7.26
-11.77
-9.05
-12.42
-8.36
-5.66
-5.92
-10.66
-10.08
-10.96
-10.93
-10.38
-6.76
-11.51
-13.76
-11.96
-17.4
-6.5
-14.57
-7.11
-15.49
-11.35
-9.19
-12.41
-7.64
-10.96
-11.03
-7.82
-11.74
-7.5
-19.93
-16.79
-15.64
-12.42
-12.61
-12.52
-11.08
-6.27
-10.14
-14.57
-17.0
-12.88
-22.54
-6.58
-9.67
-11.83
-8.25
-11.07
-7.02
-16.2
-6.54
-19.64
-9.02
-8.61
-8.83
-10.28
-18.07
-17.29
-12.9
-7.93
-10.25
-5.61
-13.28
-11.23
-15.44
-8.22
-16.21
-11.0
-12.13
-14.09
-13.92
-11.78
-13.32
-29.34
-14.21
-12.67
-13.82
-14.11
-32.51
-11.05
-16.14
-16.0
-20.9
-17.72
-16.65
-17.57
-20.12
-12.74
-13.34
-7.81
-14.86
-21.72
-16.88
-7.88
-10.02
-8.66
-7.63
-14.09
-8.13
-7.03
-8.1
-12.13
-8.5
-11.43
-14.38
-7.07
-8.03
-19.33
-9.77
-8.89
-8.01
-5.38
-17.2
-8.44
-11.16
-6.36
-9.39
-7.39
-11.65
-9.48
-12.71
-16.05
-10.12
-13.55
-8.89
-10.65
-8.65
-5.57
-7.0
-15.58
-7.33
-11.9
-9.07
-10.22
-7.87
-5.69
-9.26
-11.46
-8.92
-7.18
-8.18
-5.39
-11.58
-18.01
-15.47
-13.6
-22.52
-8.14
-21.12
-18.8
-16.52
-17.88
-19.14
-23.73
-18.18
-27.71
-20.58
-16.46
-30.34
-20.82
-28.63
-19.42
-18.33
-29.76
-14.69
-16.52
-14.09
-15.03
-12.18
-15.92
-22.19
-19.42
-15.36
-18.28
-14.67
-15.56
-8.4
-10.8
-13.91
-20.77
-19.36
-19.0
-14.64
-20.78
-16.52
-15.99
-15.08
-18.27
-12.33
-13.26
-13.92
-13.38
-17.82
-21.99
-15.46
-15.44
-18.37
-20.56
-14.04
-7.99
-21.12
-19.02
-20.39
-13.25
-11.39
-24.48
-16.43
-2.65
-18.52
-6.8
-6.29
-11.93
-9.96
-8.1
-6.53
-7.06
-7.74
-4.62
-10.35
-20.13
-10.31
-5.18
-11.61
-15.23
-3.29
-5.88
-8.14
-4.09
-8.06
-6.88
-3.3
-5.37
-11.42
-9.35
-10.72
-5.51
-11.86
-5.55
-8.78
-5.39
-1.86
-7.25
-7.23
-11.99
-2.17
-4.19
-6.67
-7.75
-7.68
-7.54
-8.56
-2.91
-6.42
-4.92
-4.62
-2.53
-7.98
-4.37
-4.92
-4.11
-7.32
-3.47
-7.48
-2.54
-3.38
-13.16
-5.34
-6.26
-5.72
-2.29
-3.88
-4.47
-4.82
-10.88
-12.99
-10.45
-2.82
-8.05
-6.79
-4.42
-5.57
-7.41
-5.49
-5.86
-4.01
-4.65
-10.04
-9.17
-3.47
-2.97
-4.81
-3.5
-10.07
-2.39
-5.35
-3.99
-6.29
-1.93
-1.25
-7.43
-4.6
-3.01
-1.45
-5.05
-5.92
-8.11
-9.52
-3.02
-4.45
-5.81
-7.26
-5.71
-6.01
-2.14
-5.48
-2.37
-2.16
-5.82
-1.77
-5.48
-3.8
-6.61
-3.79
-11.35
-7.38
-3.8
-5.5
-1.62
-3.81
-4.87
-5.04
-2.93
-5.27
-1.53
-2.81
-7.49
-3.54
-4.32
-2.36
-2.83
-12.25
-7.11
-4.29
-1.42
-2.17
-1.58
-10.99
-5.45
-2.75
-3.37
-3.32
-4.79
-4.17
-4.87
-1.62
-1.53
-2.81
-3.16
-7.12
-2.58
-2.71
-4.53
-5.25
-1.36
-3.53
-5.68
-14.36
-2.99
-2.94
-3.97
-2.9
-5.78
-3.33
-3.25
-3.43
-4.72
-3.2
-3.48
-2.13
-2.92
-8.26
-3.46
-4.47
-3.38
-4.3
-1.94
-2.16
-4.32
-2.21
-4.19
-8.06
-4.95
-3.28
-2.43
-4.71
-2.77
-2.83
-4.16
-4.99
-23.26
-7.56
-1.58
-6.81
-5.43
-4.61
-4.23
-5.04
-4.8
-3.64
-1.9
-2.36
-1.39
-5.56
-10.18
-2.9
-4.51
-3.32
-3.76
-3.1
-2.89
-1.63
-2.6
-4.83
-5.55
-1.71
-5.81
-3.05
-2.76
-1.78
-2.54
-3.19
-5.44
-5.05
-0.8
-6.11
-4.64
-3.49
-3.96
-2.99
-5.3
-2.08
-0.94
-6.22
1.61
0.28
4.58
2.27
-0.46
0.74
2.93
1.09
1.6
1.68
2.6
3.18
3.77
0.65
0.27
2.16
3.84
4.44
-3.04
9.81
7.47
3.72
2.86
1.08
7.09
0.41
2.15
3.78
1.14
6.22
1.68
3.33
4.87
2.0
-0.07
1.52
3.63
2.69
3.25
0.84
2.26
2.04
2.4
0.41
3.24
5.42
1.84
4.46
2.91
2.57
3.01
2.88
3.01
0.88
-0.19
3.35
2.04
0.82
2.12
4.28
0.59
4.31
7.03
3.34
3.28
3.07
2.61
0.89
0.64
1.36
1.36
1.65
1.57
4.07
1.61
1.34
3.39
4.29
2.95
-0.06
4.05
0.63
3.81
3.37
3.13
3.18
3.89
4.34
1.89
-0.04
3.87
2.01
1.29
-0.12
2.23
2.85
3.26
4.41
-0.01
-0.84
0.24
2.0
0.41
0.86
3.25
1.04
2.47
2.22
2.68
3.02
-1.73
2.93
-0.63
3.07
3.21
3.39
1.7
3.89
5.77
3.04
5.96
4.85
0.99
1.84
2.94
0.98
7.61
3.09
3.82
3.89
1.25
1.69
0.53
-0.07
1.01
2.01
3.35
2.85
1.83
3.14
8.71
-0.32
5.2
1.33
0.72
4.21
1.98
4.32
1.34
2.39
3.13
2.53
2.27
0.99
2.81
2.07
2.15
3.58
2.4
1.64
2.82
2.7
1.66
1.34
1.25
3.3
2.13
2.24
2.41
2.92
3.75
2.16
1.54
3.87
2.13
-0.19
1.43
2.71
4.65
2.84
1.46
1.76
-2.1
2.33
0.29
1.5
1.83
2.6
1.78
-1.81
2.4
1.66
2.48
2.36
4.27
-0.03
1.86
1.26
2.74
6.74
0.06
2.76
4.43
2.66
2.28
1.83
3.38
2.85
0.51
2.84
2.04
2.25
1.5
3.13
3.27
2.21
4.53
3.44
0.98
1.72
-1.35
2.02
2.09
-0.45
3.22
3.4
-0.71
-0.17
2.83
3.28
0.26
1.17
1.88
1.46
1.97
1.62
2.56
1.83
1.82
0.94
0.54
0.97
1.69
3.93
1.84
1.52
0.46
1.39
2.37
3.24
2.44
0.51
2.04
1.53
1.11
0.45
1.69
1.56
1.74
1.0
0.89
1.08
1.58
2.34
2.85
0.61
0.65
1.11
0.85
1.89
1.93
2.14
1.82
0.29
0.77
2.22
0.94
2.51
-1.86
2.75
1.62
2.0
1.37
1.16
0.5
0.3
2.24
2.37
3.48
1.65
1.64
2.75
1.54
2.93
2.62
1.31
2.15
3.04
1.77
1.38
2.24
2.18
2.24
3.37
2.01
2.2
3.89
3.01
4.96
1.57
3.47
4.64
4.46
3.18
1.67
5.15
2.41
4.63
4.37
2.25
1.77
1.23
7.38
1.84
3.33
3.32
4.35
5.97
5.18
4.51
5.21
7.4
3.17
3.97
1.74
2.67
5.71
2.97
1.78
1.22
-0.65
4.18
2.45
2.39
1.97
6.4
3.62
1.7
4.51
3.91
4.58
2.63
6.62
2.96
3.75
2.77
1.7
0.2
2.16
1.68
5.66
3.7
1.23
1.69
0.14
2.38
1.97
4.17
5.15
3.17
2.5
2.61
4.26
2.94
0.22
6.24
4.57
2.0
-0.53
5.21
2.85
1.72
0.6
1.54
3.15
1.31
2.84
1.53
6.09
4.71
2.49
5.81
0.49
2.75
1.95
4.12
5.44
1.44
9.36
2.82
1.06
1.96
3.48
3.76
4.47
3.79
4.11
0.62
3.56
3.3
2.33
1.05
0.6
-0.92
0.32
4.58
3.44
2.72
2.02
2.91
2.74
3.21
2.16
3.42
2.88
1.85
0.8
6.12
4.38
0.06
1.97
3.99
0.94
4.53
2.88
3.68
0.11
3.99
6.25
0.76
1.33
0.78
2.77
1.66
2.47
0.79
1.64
0.77
1.19
0.97
0.97
1.96
1.59
2.92
1.22
4.5
3.68
4.71
1.78
0.87
0.45
1.1
0.36
2.79
2.18
1.42
1.6
2.56
2.58
2.13
2.06
2.76
2.0
2.41
2.95
2.42
1.14
0.87
1.16
2.07
2.69
2.74
-0.16
2.18
1.92
2.68
2.33
3.07
2.33
0.42
2.86
0.73
4.89
4.34
2.74
1.11
2.92
1.01
1.31
0.6
0.1
2.24
1.13
2.54
2.13
2.2
0.82
0.21
1.44
4.43
1.78
0.56
2.36
0.93
0.7
0.85
1.04
3.45
1.51
1.92
1.62
0.37
2.64
1.93
-1.13
1.84
1.65
2.03
0.35
0.36
1.47
0.82
1.68
1.6
1.78
1.06
4.41
1.82
2.6
1.31
1.69
2.38
3.32
4.16
2.61
1.44
2.01
3.39
1.16
2.6
1.15
0.32
3.91
1.58
2.83
1.52
2.43
2.11
1.68
3.49
2.27
1.67
4.69
0.99
2.83
1.35
2.55
2.91
1.7
2.37
1.92
0.46
-0.23
1.27
-0.67
1.3
0.12
2.1
2.32
1.22
1.53
-0.43
1.93
2.24
1.31
3.13
1.83
3.6
4.18
0.49
2.82
2.56
-0.08
1.22
3.41
1.11
2.42
1.74
1.66
2.92
2.04
-1.83
-3.13
0.32
-0.91
0.79
0.65
2.57
1.26
2.07
2.29
2.08
2.72
2.02
2.04
2.25
0.46
2.16
4.08
3.35
0.75
-0.98
0.58
1.85
3.55
0.1
5.2
1.39
5.3
3.39
0.86
0.44
3.92
0.58
1.75
1.32
1.11
3.78
0.6
1.98
-0.87
3.6
2.25
0.33
0.98
7.1
2.73
4.97
0.97
2.0
1.12
-1.34
1.54
0.26
2.61
1.84
2.53
2.62
1.04
2.27
4.11
-0.63
2.4
0.65
1.15
1.64
2.41
3.64
-0.04
2.61
1.77
2.16
-0.61
-0.59
2.59
0.41
1.61
2.4
4.95
3.54
1.64
1.74
2.43
1.44
2.54
1.19
-1.55
1.04
1.92
1.87
1.98
1.26
0.34
2.09
2.12
3.18
2.54
2.24
1.98
0.94
0.5
0.96
1.38
2.79
1.63
1.43
4.58
2.61
4.37
1.13
-0.63
2.88
4.72
2.96
3.33
1.8
4.94
3.22
6.36
4.36
9.1
1.7
6.1
0.51
3.45
2.03
3.53
2.45
2.74
2.68
1.45
5.51
5.35
3.97
4.44
1.6
2.39
1.77
2.99
4.35
2.46
1.72
2.02
4.1
2.3
3.92
1.75
1.83
1.67
2.82
2.18
2.57
6.42
1.55
3.49
2.31
3.23
0.97
1.05
5.87
3.92
3.13
2.31
0.02
1.97
1.92
4.25
4.5
3.78
1.89
2.23
2.07
2.41
4.0
2.44
1.09
2.89
4.29
6.94
3.57
2.24
2.96
1.87
0.7
2.17
4.1
-0.42
-0.24
1.23
1.61
7.01
0.58
0.61
4.96
1.87
3.86
0.34
4.6
3.76
-0.03
2.69
4.7
4.78
4.44
1.82
2.49
3.14
3.35
1.25
5.16
5.13
-1.11
1.07
1.09
2.24
2.87
5.14
4.97
4.48
3.28
2.74
3.48
1.9
3.53
-1.79
7.0
4.53
2.78
4.74
3.8
-0.1
-0.63
4.62
2.63
2.05
3.02
2.37
1.19
4.99
3.1
5.35
3.73
4.6
0.66
-1.66
0.9
0.56
4.41
2.1
1.61
5.38
1.42
2.86
6.38
-0.11
1.24
5.05
0.52
-1.0
2.71
2.65
2.52
7.26
6.38
3.68
3.83
-0.96
6.75
3.96
1.6
4.17
3.15
3.44
4.38
5.25
2.71
1.57
3.1
3.88
1.42
0.89
2.18
2.01
2.0
3.98
3.28
-0.29
6.12
0.61
-2.35
6.71
4.61
4.09
3.18
5.52
4.84
3.38
6.12
6.46
5.03
5.14
6.17
5.5
6.22
5.59
7.85
5.05
4.39
3.33
5.15
4.29
4.15
5.94
5.51
4.88
4.34
5.45
5.05
5.11
1.54
4.87
4.26
7.5
5.9
3.65
3.57
4.38
5.01
4.55
4.25
4.54
3.55
8.05
9.99
8.01
5.54
4.06
5.08
4.34
7.19
5.47
5.25
7.6
4.74
4.69
7.13
5.59
3.55
4.54
5.09
6.04
1.78
5.16
1.46
4.57
0.31
0.3
0.04
0.56
0.66
0.63
-0.32
-0.68
2.16
1.2
0.86
-0.25
-0.18
1.75
1.87
-0.34
-1.12
1.39
2.34
0.67
0.11
0.47
0.85
0.25
0.16
0.77
-0.18
0.95
2.4
0.8
0.48
1.71
0.05
-0.54
0.28
-0.19
1.24
0.15
-0.02
1.29
-0.4
-1.41
0.38
1.93
-0.61
0.2
-0.48
0.94
1.27
0.02
1.64
-0.2
-0.24
0.04
-1.97
-0.14
-1.21
-0.25
0.29
0.11
-0.26
1.17
0.51
0.82
0.02
0.67
0.86
1.79
2.45
0.31
0.67
1.28
1.06
0.27
1.06
0.53
0.85
0.57
-0.29
0.46
-0.07
0.7
-0.9
-2.1
-0.24
1.75
1.36
1.98
-0.19
0.57
4.19
1.64
0.57
3.13
3.04
1.49
0.72
2.84
2.08
2.57
1.76
2.58
1.3
3.92
3.07
3.2
1.06
2.57
1.72
2.07
2.47
1.98
4.97
0.22
4.54
-0.82
2.24
2.33
2.11
3.03
1.86
1.72
4.22
1.48
1.54
1.61
3.19
1.64
1.97
1.68
2.03
2.67
0.78
4.48
-0.22
2.81
2.9
2.27
7.51
3.56
4.61
1.94
3.19
2.17
4.43
2.92
2.17
4.06
1.81
6.14
3.37
3.43
2.96
3.6
3.52
7.19
1.98
5.87
5.76
3.94
2.66
3.35
1.11
5.34
4.34
3.33
1.67
6.73
2.48
2.98
2.67
3.98
2.58
2.72
4.07
3.61
1.87
4.87
3.1
1.62
2.53
1.7
3.67
4.19
4.78
3.62
4.78
2.66
2.85
3.63
-0.41
6.02
3.35
4.07
3.24
3.63
4.48
2.87
4.14
2.89
4.96
5.01
2.56
6.57
2.48
7.78
4.08
2.21
3.69
1.67
2.82
2.45
4.39
2.67
2.38
5.06
5.51
6.05
5.7
4.18
2.0
3.48
2.97
3.19
7.06
-3.46
2.33
1.72
3.3
-1.85
0.8
4.13
5.26
5.6
4.43
6.02
3.43
1.07
1.04
3.66
2.72
1.27
-2.72
-0.15
3.72
0.07
-0.65
0.05
1.27
0.78
0.07
2.42
0.82
5.64
3.43
-1.58
-3.06
2.2
0.09
1.97
2.14
0.39
4.59
2.63
2.25
3.97
2.29
3.46
1.65
1.41
-0.3
2.79
1.18
4.72
1.39
-2.03
6.19
0.54
-0.1
0.68
1.03
0.05
2.7
2.2
2.85
0.69
1.55
2.12
1.69
3.89
3.54
3.86
2.46
1.23
4.02
0.85
3.36
4.44
3.51
2.67
2.95
2.0
3.39
0.68
2.14
0.24
1.33
0.78
3.32
0.97
0.1
2.45
0.14
1.79
3.79
2.5
2.7
0.76
2.87
1.36
2.84
0.36
2.85
2.5
1.98
3.25
2.36
0.46
3.62
2.59
2.31
2.43
1.98
1.11
-0.17
3.54
1.98
2.91
2.86
2.19
2.94
1.94
1.0
4.32
2.3
3.02
1.17
1.16
1.86
3.93
2.4
2.94
5.24
5.38
4.09
5.56
6.46
2.86
1.99
1.31
3.12
2.98
2.59
3.22
3.57
4.44
6.24
2.93
2.57
7.37
2.92
1.86
2.41
7.65
0.33
1.74
4.76
4.91
4.46
1.48
0.94
3.47
1.16
4.57
1.66
1.71
4.16
3.35
3.57
1.54
4.26
5.19
5.06
2.02
3.25
4.34
2.18
4.62
3.82
4.56
3.03
4.92
3.75
4.02
8.5
7.7
7.92
6.48
4.71
8.48
6.73
5.41
2.25
4.44
8.21
5.28
7.81
6.15
5.99
5.17
5.85
4.65
6.92
6.73
5.54
1.66
9.13
8.63
4.84
5.48
8.92
5.33
9.29
6.99
7.77
1.73
8.21
2.13
4.87
10.56
3.54
8.95
7.09
8.02
4.54
-0.13
-0.57
-0.31
0.08
-0.36
-0.43
-0.26
0.13
-0.74
0.7
0.35
-0.57
-0.07
-0.41
-0.32
-0.3
0.55
-1.91
-0.15
-0.19
-0.0
-0.47
-0.45
-0.79
-0.78
0.49
-1.24
-0.27
-0.17
0.2
-0.97
-0.66
-0.84
-0.82
-0.28
-0.03
0.04
-0.3
-0.17
-0.67
0.29
-0.68
-1.24
0.03
-0.94
0.62
0.11
-0.87
-0.21
0.16
0.67
0.35
-0.36
0.29
-0.53
-0.35
-0.31
-0.7
-0.58
-0.39
-0.24
-0.31
-0.27
0.16
-0.36
0.32
-0.23
-0.05
-0.32
-0.22
-1.01
1.13
-0.62
-4.3
-4.04
-3.29
-3.66
-6.34
-3.83
-4.6
-4.35
-3.14
-3.43
-3.69
-4.28
-4.13
-3.83
-3.52
-4.3
-5.22
-3.78
-3.81
-4.3
-3.43
-4.91
-3.57
-3.89
-2.58
-3.94
-3.08
-3.42
-4.48
-4.09
-3.95
-3.69
-3.23
-2.89
-4.61
-4.06
-2.91
-3.13
-4.69
-5.1
-3.84
-3.96
-3.55
-3.54
-3.68
-3.04
-2.17
-4.32
-1.29
-3.51
-3.43
-4.48
-4.01
-3.17
-3.88
-3.53
-4.18
-4.68
-3.56
-3.53
-3.34
-3.34
-3.56
-4.35
-4.78
-4.42
-3.24
-3.86
-2.66
-4.01
-3.39
-3.98
-2.86
-4.21
-2.95
-2.95
-4.1
-3.57
-3.69
-4.43
-3.13
-3.76
-3.87
-4.26
-4.09
-3.58
-4.12
-3.55
-3.57
-3.67
-3.78
-4.68
-4.03
-4.0
-3.78
-3.6
-3.66
-5.14
-4.11
-4.2
-3.09
-4.14
-4.21
-1.77
0.73
-0.71
-2.02
-0.08
-1.47
-3.89
-2.96
-2.53
-2.58
-2.96
-3.63
-5.89
-1.44
-1.97
-11.07
-0.25
0.03
-17.32
-21.41
-7.55
0.15
-0.96
-7.51
-17.58
-8.6
-0.79
-0.73
-50.84
