180.2197
204.23254
143.42119
172.42195
150.11879
171.61519
157.92114
154.02576
162.87608
186.7651
202.15671
208.12457
169.6717
172.4149
183.2338
210.24689
190.1002
184.18712
189.61082
175.33818
157.29031
205.26784
166.90028
138.83931
199.34514
162.98088
204.07544
196.69267
194.46474
179.29831
219.07469
98.250565
157.39447
161.93036
220.54997
206.76581
200.53555
198.41637
162.10706
195.54468
176.07584
174.13013
220.96014
192.58762
183.42482
178.20479
121.88416
170.53041
168.49538
151.50888
194.74066
238.87898
182.20496
160.05344
216.58537
209.8188
176.21646
151.71005
183.34393
166.33218
165.55397
180.94728
195.99747
163.78586
194.78975
143.89941
176.01944
145.1243
188.25725
158.31836
149.09096
148.62793
167.12968
180.74832
241.64737
165.7672
182.03835
174.41975
184.31918
169.10283
183.6274
137.05794
191.04893
159.72824
185.79279
227.19691
176.69264
207.64725
152.18823
179.3112
160.40251
166.09018
146.84613
171.4457
141.41406
197.99748
128.74968
196.18735
155.30646
194.1191
205.8145
148.17567
180.23596
135.80107
162.41307
169.18375
159.8007
170.07245
107.612595
154.7475
119.375015
192.01015
182.06944
180.85788
189.18164
194.08167
149.89612
165.58197
143.22112
152.23692
122.83465
169.64304
144.91423
109.51874
158.0517
118.04938
157.70897
166.0094
172.22551
146.52255
168.81349
169.80516
149.33057
173.92484
175.31004
137.14883
147.51945
153.95578
131.32907
102.19713
138.64523
139.19188
131.80951
143.8087
141.52888
154.52515
143.00017
172.20782
151.91077
133.54868
182.40599
134.65637
174.17989
112.65592
108.92489
148.10684
182.28053
157.25674
162.508
149.38239
176.38943
169.4296
160.7308
133.52444
181.1785
238.22714
152.57838
193.60431
170.64377
173.84773
170.22855
180.0572
161.6661
158.83398
145.54724
162.3132
159.40205
137.79332
179.66466
115.868835
160.75334
175.67952
148.63121
156.33508
129.25262
155.23071
194.52412
204.98474
136.32726
151.64243
132.83582
137.811
139.10095
168.51451
148.57355
179.87015
162.73515
136.24294
141.45998
153.0629
148.46957
148.44626
154.41689
178.1371
175.62416
172.87856
141.30205
118.20011
152.25719
134.52615
158.50725
141.58661
175.0901
174.19562
154.4729
104.22391
140.37155
162.23294
132.09798
133.18752
164.78812
158.93977
180.31764
114.026726
160.80884
161.4663
187.75542
161.61319
185.1528
146.71188
161.98686
152.79301
191.44691
142.74704
130.15245
131.57718
126.32672
153.43872
133.4141
128.8694
146.49248
141.4029
139.87956
135.28998
163.08453
131.236
134.76715
177.00797
168.47531
194.17453
177.64572
178.4581
155.5866
147.6612
151.12086
193.03088
156.67142
150.24678
137.9705
143.3223
113.6869
114.59728
158.76172
155.22742
176.53563
158.66232
156.14532
136.605
201.91994
126.17484
151.71117
130.60394
177.14432
170.17412
144.68643
149.71439
171.48091
127.21544
116.162926
169.63788
172.0775
154.92514
153.75487
133.007
169.03726
204.46295
153.04366
147.23898
150.48416
141.40556
141.31638
144.42299
126.001595
158.02261
133.11272
163.44005
142.52826
162.37245
130.47629
124.0529
124.88306
168.57979
154.91985
183.7919
202.9304
134.3723
182.37543
134.29478
128.71707
161.4604
169.0009
136.906
127.8249
146.71318
133.91585
140.30899
157.46901
159.8921
161.6836
149.1803
156.76062
170.83961
152.67337
134.76036
175.55533
155.41856
126.28137
153.66716
178.00162
161.21268
159.46368
166.99199
146.40472
171.44304
174.10701
110.828354
145.79713
163.3301
126.29713
146.12495
152.90009
156.37381
169.64095
133.94067
138.54855
122.748924
141.45842
178.24902
188.36893
133.30785
158.01666
190.9123
174.84944
170.80011
168.21823
154.09349
157.75648
177.68735
142.13843
140.74329
112.44055
151.99142
153.88162
167.56093
148.15916
143.05428
145.72874
166.71814
148.84225
189.16486
141.7781
195.70107
183.58035
135.2981
183.71056
182.15599
178.34067
127.71675
120.15623
149.85255
179.08702
200.33961
150.42645
156.27322
184.76367
174.6623
220.78809
231.3691
180.68135
170.26381
182.59213
152.98836
206.03696
153.47678
189.26904
164.9863
214.68394
181.20393
177.93538
141.1361
146.44722
181.2361
171.79407
200.05307
176.88026
191.60698
144.2576
182.86487
194.87926
148.1246
171.06508
175.00116
190.33397
169.46559
174.3121
160.05215
242.70819
180.1247
144.40376
139.48827
139.16528
173.6989
148.36913
184.03145
139.15346
157.53075
162.50175
156.48894
186.76134
190.58063
130.5577
153.7183
174.20895
170.21513
146.6791
156.20029
169.96194
170.27731
172.3788
153.90694
202.05779
166.15129
208.99222
136.76686
155.07379
170.53935
188.61401
148.72162
185.42685
155.0453
165.4825
224.07805
144.49179
219.16109
184.38484
167.55144
159.82553
160.33463
149.00807
181.99629
159.24916
201.66246
167.01152
182.31432
195.40857
247.33112
191.44717
196.59564
194.49698
172.52942
168.9549
162.75415
146.02222
193.3763
176.53024
223.79277
202.75076
179.67474
201.90228
196.85043
131.08722
165.38597
187.04066
141.39777
160.1215
121.57359
160.77025
143.79045
172.4531
163.08824
179.21674
175.89487
181.73845
152.76656
175.09775
154.93059
185.82346
170.39993
137.74211
169.53207
195.57
212.25217
151.45732
148.8138
165.37996
189.27629
219.66937
178.031
157.06589
191.40544
190.12088
145.1785
170.91469
178.29921
182.60892
186.74535
161.70491
216.23062
195.95026
146.1436
152.25714
153.39616
177.94676
189.42444
166.50746
177.35455
137.75368
178.98674
187.11223
219.81848
138.71948
205.21739
196.91687
126.55313
152.32068
162.31174
157.07715
142.51155
162.89902
167.84383
161.33345
159.0067
177.89697
171.75612
178.63446
150.89809
129.19153
167.50203
153.6817
184.2136
176.28078
168.56145
161.664
136.95468
199.80101
115.83265
160.92691
177.32924
169.01259
168.00516
197.58958
216.82787
128.76932
193.01628
127.96283
178.46176
171.73604
160.78102
153.00317
167.11293
168.97406
159.94472
165.50354
151.48306
164.2899
165.47256
136.61867
169.88971
195.27553
135.40451
201.01624
176.41586
170.77689
214.82486
133.25737
130.95995
179.26823
172.64172
153.08568
195.74626
136.89746
167.16537
176.49327
174.14568
186.76878
193.56122
182.3202
179.73189
148.51137
206.54564
190.64561
140.86191
178.12875
179.88434
157.54393
175.80884
145.63269
187.13063
172.61006
155.59798
200.55348
141.40828
208.00284
182.9201
176.19742
189.02542
181.79565
198.96693
139.36249
175.30495
171.62064
152.1835
171.50293
155.28902
146.57806
110.07648
181.78043
184.68613
144.08282
172.15587
150.86568
172.081
186.948
191.92441
194.78549
142.7645
184.00868
202.3863
144.09747
184.55202
171.81943
137.56493
205.93515
151.91324
205.50398
176.74655
197.72296
153.23389
144.31438
161.8094
187.95071
133.07379
177.30972
202.80988
156.05101
160.7649
165.76894
137.84904
142.04669
162.08649
145.75436
178.19278
141.39386
158.7334
148.55002
203.1771
154.95406
166.3942
196.15755
167.09027
179.88916
167.59354
161.79256
141.95953
116.57188
178.57622
154.66174
175.22151
178.88641
183.90422
134.73642
179.17625
181.8952
202.40108
150.65428
170.70203
168.72653
251.73451
192.5379
175.97968
123.95791
135.34184
161.03491
135.61612
164.5528
132.74416
155.33444
195.03482
182.42714
191.70746
209.24849
178.92867
147.02156
202.00406
167.1167
155.45824
142.83168
166.22066
134.87132
121.1726
174.1265
107.662766
143.14879
182.451
110.04403
230.57353
177.2407
164.40434
142.64806
160.06499
164.55165
174.1044
148.12521
173.18927
167.3813
202.9061
128.37885
151.52464
185.32224
150.94434
186.63187
177.15938
146.62756
124.04464
162.81194
140.97537
173.42389
188.08003
139.5594
130.71512
179.74452
152.92897
178.63182
146.44254
193.51509
199.72552
150.75282
171.24759
167.62173
146.06236
173.38454
149.34906
173.52203
120.94703
129.88861
163.56172
143.98079
162.64258
157.2313
170.94095
181.1211
184.28227
141.9829
147.49991
138.09937
118.23554
143.05693
202.29253
130.84239
194.26575
167.22119
181.33664
208.31259
180.96866
111.56315
121.06158
186.23752
151.97244
173.95491
146.78166
166.74205
137.87408
143.6248
167.72466
115.078766
198.16547
155.93053
164.03583
169.71667
162.16072
210.44675
203.31325
170.89575
140.9492
153.39622
159.99292
136.9167
149.87393
182.57803
150.5185
120.335045
199.3235
148.339
157.73787
151.35971
163.40353
152.9965
155.46042
127.80679
138.56982
133.77106
134.58992
160.57887
157.54327
136.33952
143.1503
166.47716
151.46991
205.85614
120.12931
196.69496
139.29765
135.70737
190.25687
153.0351
171.10576
209.81488
205.57443
124.208595
197.14755
182.71756
164.13985
205.61038
193.52428
137.70717
197.49438
215.80437
143.95728
185.6399
149.19215
197.22626
175.70723
212.4771
125.050575
195.11797
168.25803
175.21149
160.49818
141.15549
195.83888
175.19609
196.7566
180.16
136.74393
208.74132
178.82382
146.2164
174.78552
175.9415
156.61977
155.29855
161.985
159.7827
143.40147
190.5009
176.3895
228.41516
192.48221
187.60771
169.2093
184.3444
202.83109
146.03574
158.84529
224.33014
219.36946
199.56691
137.75569
181.89809
141.69221
179.92839
203.10222
165.58073
118.843376
163.10616
188.77954
147.8141
139.17538
140.85847
155.95758
174.24094
188.62099
146.01848
167.36115
204.38797
153.2721
133.94476
177.50963
182.62486
159.18346
149.6823
159.39992
156.91246
124.73582
180.59935
183.78778
143.38469
168.68379
133.8333
160.99602
136.46925
145.65579
146.1012
129.72307
174.77081
158.85542
183.87334
140.76404
189.32617
181.24298
198.58531
134.91138
159.55096
152.67822
142.3906
110.67124
150.45094
172.50005
186.36171
159.7247
150.44073
163.04556
178.8108
123.92503
183.1325
169.89099
183.24196
131.5004
175.90195
145.20943
161.9369
167.66104
177.72784
166.02727
179.64766
247.57278
146.8146
132.99583
123.222565
130.99837
129.90598
139.67073
134.06856
135.98434
140.23291
147.7311
150.56207
174.57426
164.26024
180.71332
152.63347
112.30202
150.71802
189.64108
191.45456
149.01396
167.54803
165.89734
154.52266
178.38777
173.60037
179.68874
165.84091
159.63257
171.64679
92.775566
169.11673
137.25587
133.09544
148.68613
112.76656
197.5308
173.97313
186.1585
151.81302
197.42917
178.87286
166.64177
142.53442
177.07039
156.3519
172.6686
176.01256
140.57501
136.77783
168.21982
114.35055
137.94307
170.30574
146.24948
166.20137
201.85101
132.22194
201.27843
203.19153
191.79747
136.94936
165.13629
179.17154
166.17137
172.37073
173.87778
140.2026
131.66504
143.67209
162.93765
143.5691
164.10577
162.42279
142.04434
118.78593
149.72932
106.649826
158.86984
147.8825
155.23085
103.168816
141.55861
151.73743
140.2271
204.16241
156.6916
165.62953
155.38417
150.95389
125.08721
211.33395
149.6319
118.88893
174.64742
100.95581
166.78955
170.1291
212.0667
137.23662
210.24638
229.96432
161.76245
142.52742
177.7791
162.04886
221.93327
202.39052
235.21475
265.3694
191.06639
226.8322
160.50497
163.1608
263.7179
196.90028
191.87177
192.08408
183.96243
184.6541
166.2753
196.72078
216.4116
204.08638
185.1815
188.33376
189.38548
190.2163
146.91135
217.30768
215.04155
231.03177
166.83171
190.56534
209.26062
130.08678
191.86656
176.1568
176.01492
163.79102
128.35863
194.3933
208.77684
170.37152
189.8792
175.51967
157.00212
145.2095
127.45009
188.35243
187.82565
229.63765
218.9501
174.89613
130.16302
168.78569
182.75616
214.20792
187.75682
180.67273
195.605
194.5628
134.57234
172.14316
159.24884
194.35423
180.72954
221.26385
209.37195
207.6423
129.98357
157.42062
183.46353
182.34924
188.16199
213.54643
194.19986
216.7995
219.14432
191.52034
204.92957
127.71946
194.23509
190.06688
186.00548
222.90411
216.13107
175.65149
214.47423
167.50668
178.5849
214.39684
203.22508
226.25232
228.77875
187.44986
239.28403
193.44164
206.98267
201.38797
215.99663
208.56677
195.5816
270.7759
206.31088
206.18932
190.1553
161.68365
287.72574
209.25813
284.98984
130.14996
218.69887
218.04512
193.90585
158.64047
168.8699
200.22838
179.9768
190.17014
187.20076
175.76283
214.91176
172.80704
190.74963
268.47327
162.11461
206.18681
196.11143
173.8216
177.19363
203.07658
216.22191
211.5225
245.94795
238.86989
207.35918
223.42712
185.04727
209.9243
193.65045
201.46814
260.58176
215.1139
189.6471
269.43802
256.73376
245.7074
244.19716
212.91364
157.12543
168.4647
257.33255
238.6742
200.90544
226.97778
181.93814
216.82964
192.73273
181.68521
176.05777
223.55035
225.66727
231.39146
170.49701
167.5416
179.32326
237.91264
264.75027
276.73865
233.51062
251.17911
214.02902
173.58752
143.59476
182.08507
140.57272
181.23929
189.80693
348.49545
198.05998
167.93384
263.7015
234.98976
244.82106
226.43114
197.14635
201.00354
169.35672
163.76486
158.14374
204.653
164.44371
178.14587
143.08266
141.3419
152.71014
183.63448
183.42763
153.16748
166.00679
163.71568
167.15273
176.46799
161.55583
152.77878
182.77309
150.51468
161.28584
173.45152
171.70036
162.80023
157.27118
183.08632
154.31963
164.69202
163.16444
166.33517
157.86125
190.89734
212.31398
147.65443
181.42946
170.54018
147.42697
169.48705
148.96523
152.95805
168.64555
125.90478
174.65822
179.45166
165.89066
174.6583
174.56831
146.39346
122.54147
161.94223
171.5978
215.35559
163.30511
188.1431
169.48946
174.73787
116.99471
96.84288
110.988754
123.75448
143.3646
143.75758
116.84215
107.66235
112.14529
132.17133
135.89635
129.15895
138.8278
172.57779
125.01999
99.84016
122.29547
149.419
97.06529
115.27434
122.52522
123.28302
136.10565
141.22952
112.075516
115.9046
141.66505
122.37289
140.92522
138.80035
132.91174
144.30028
133.09125
124.27926
128.61967
101.735115
131.23045
140.47061
123.50887
115.42858
132.9843
165.5296
141.85115
156.3147
135.38838
128.19913
141.96846
112.13944
139.2799
135.09924
117.58139
142.75482
135.33142
109.676506
113.86305
103.42087
152.9207
105.11864
108.34653
119.904274
127.367325
147.12852
104.15193
139.10153
130.95915
115.829475
137.97876
171.39407
139.49146
124.47968
105.99074
105.42691
123.50135
97.49043
160.63237
146.1806
110.48945
128.07974
109.952805
150.68417
132.44495
137.42299
108.00084
137.5143
151.69577
97.96914
127.42043
149.41006
117.16749
125.63601
161.65219
122.93863
121.612175
121.1936
130.63599
126.9089
129.80553
184.15971
119.17717
173.51419
155.4824
129.02988
144.0565
130.00607
119.738495
136.27759
121.464455
147.69261
140.17072
123.878586
151.2851
154.29927
120.81496
154.26163
142.65881
152.27658
134.62885
117.601845
113.39752
143.98134
103.247505
146.8895
148.90259
112.861786
156.71535
123.590324
136.4589
116.74681
127.84925
106.41806
151.44614
128.0075
126.685646
142.83
183.90248
110.899864
105.96048
122.90503
166.96857
135.14021
163.1324
125.369995
155.6227
127.76983
150.32872
136.46042
166.47365
107.132195
158.93909
139.84247
109.53032
130.53722
152.84207
129.73233
119.11933
160.00816
90.28031
119.34761
119.39498
138.35098
122.6695
142.5229
144.48224
96.53041
136.67206
116.92964
80.26056
124.693344
106.077614
161.66232
111.5772
103.76408
166.16315
145.1822
136.331
136.47035
86.85692
105.241646
128.16434
130.05006
133.43044
124.64748
105.29971
131.53835
144.51247
140.30733
122.157814
129.19368
114.78726
127.43598
142.60834
107.42809
126.1639
104.933334
149.38947
121.30516
97.60911
151.25586
141.60184
142.8637
132.59125
125.336426
114.483505
151.89275
119.085815
106.63818
113.17213
100.508255
123.68702
96.83143
139.27502
100.44988
102.37167
147.00137
160.00604
98.43165
131.3253
116.21535
115.652245
154.18213
165.48833
114.01944
110.001595
109.28222
120.56992
104.804665
100.484604
93.70966
120.11708
106.25736
135.71051
115.68377
116.72013
102.465034
137.66118
133.74913
157.93744
114.20187
137.29427
169.09375
123.49484
159.5042
159.91745
97.750824
156.53868
121.82901
128.3145
92.04428
113.01529
116.43293
119.7226
76.56048
100.410866
103.81406
127.96763
123.72053
124.15193
156.48706
115.351364
121.3412
99.88425
104.78274
158.19385
132.824
144.88977
158.15576
117.09426
130.71774
174.50916
120.769516
133.84682
126.86352
129.94975
124.74346
114.2016
95.011314
109.98484
115.83078
115.68899
98.02365
114.80272
137.10573
126.25642
109.38219
110.89587
127.62739
161.54431
144.95453
192.91153
148.764
153.35751
170.63902
116.52006
160.85309
95.28362
92.551445
126.020164
141.06833
121.00848
112.69916
105.332794
107.264854
150.05385
143.16191
102.11062
129.6238
80.54411
154.10754
128.19402
183.56012
119.0327
106.63812
107.36271
112.092865
102.87056
126.744545
136.85892
136.12354
159.83987
110.63171
156.78363
92.16925
126.69011
166.7864
180.48512
174.6912
145.79712
139.20322
139.65437
121.13537
177.27573
146.21642
145.43771
137.06204
146.10243
131.34584
115.60125
127.77372
146.92621
130.74231
142.27116
147.7694
121.21793
117.19098
121.49667
104.02737
121.45838
111.24607
138.4675
129.79253
154.50484
143.17906
165.17865
119.988045
163.55353
120.84475
118.23417
89.728806
130.86725
116.577736
149.25636
171.72734
128.5557
125.167336
87.142105
98.53211
121.02464
169.8861
135.62785
145.83525
147.76207
103.96401
145.72708
119.055626
147.87474
143.68974
119.37611
114.78938
125.751595
121.372986
124.52016
152.17804
162.19032
170.29567
116.711426
90.619804
112.81564
137.95045
127.11065
136.36815
142.81207
181.65416
141.2254
153.62283
164.24481
148.99727
152.96263
145.32129
151.84985
150.05374
215.80872
124.15658
149.04906
161.81763
150.5867
153.04994
161.61787
177.216
147.88533
133.25912
162.23894
154.48169
177.56552
185.09521
177.58907
134.79001
182.99419
174.52443
218.73607
197.7943
173.6694
189.5708
141.57997
122.947624
151.59909
169.58614
170.89534
143.58287
189.81808
192.87839
172.85034
158.17374
109.94082
171.38202
159.75894
166.6454
100.65388
149.35992
135.25572
160.98528
172.34848
167.19742
116.84151
149.66464
166.77368
202.71164
167.04803
206.48819
156.38524
163.00957
171.80927
149.58206
151.31284
138.22746
148.85625
221.31798
166.35268
199.05783
159.79393
169.55165
154.33737
115.204895
151.35622
237.65854
132.8432
130.68314
128.60875
145.54529
205.2089
179.5295
157.20073
161.23564
137.48944
108.00752
143.75322
153.01285
147.48575
119.39818
141.51447
99.29442
141.69502
151.19691
184.42973
172.17134
154.4779
136.0492
154.46034
145.96217
161.97736
142.04407
140.40489
166.71078
189.59695
161.32951
141.61855
173.20187
117.49367
147.71942
104.006744
149.5227
124.24764
125.49941
132.83578
146.69151
121.615776
126.10884
137.75682
116.4865
135.53653
203.30588
192.74396
143.74074
177.74063
140.22563
162.37636
107.620895
159.8443
173.60072
123.537926
184.66534
168.41515
125.47147
152.43071
129.86725
161.85316
140.50388
160.49202
126.71595
153.7733
172.42911
139.91924
141.86618
115.210175
168.64189
143.92549
143.0765
137.3393
142.34097
155.13722
137.4495
176.62924
191.66156
144.7683
139.70717
167.20941
155.6553
135.24911
111.9822
130.1213
149.71852
168.71375
134.86194
137.94855
147.92058
148.0461
158.19609
175.66512
140.38145
129.65163
162.30885
152.38925
169.1172
134.64525
133.47772
157.97551
174.1992
166.99219
152.69774
114.025764
185.41023
117.7738
154.17772
124.52833
183.1952
166.56474
176.15631
141.9639
106.41664
194.15756
150.73962
107.66632
140.25125
131.87198
152.15005
189.94405
146.45175
191.51407
108.37224
127.34798
139.29868
164.41505
192.93898
183.83228
181.19164
176.53755
188.9989
110.481255
118.23824
162.17479
147.41386
134.28299
166.97456
139.62723
141.28664
124.19216
179.83292
118.46294
116.769936
100.12361
129.25777
171.89062
106.18153
147.58452
124.9154
177.63753
145.55092
179.83327
181.80453
122.016335
137.23682
134.33174
101.87712
158.11288
172.85555
146.19464
157.9523
144.7728
136.0027
132.312
147.10739
136.37561
161.16083
168.2774
131.95552
126.4771
111.897606
138.72359
170.2853
163.18599
99.09004
105.44274
135.40166
159.23781
134.07281
175.19748
199.58081
161.6416
160.46667
161.59505
171.56616
175.28668
148.25769
143.16754
144.82658
201.33928
154.29369
154.67764
156.5114
106.05999
170.28424
130.82477
175.0785
174.99536
171.82901
133.04582
175.73006
144.01752
134.35103
172.08165
168.46518
170.96454
193.4522
178.05734
157.15813
168.59238
147.21283
149.89241
134.91357
156.17941
140.17453
148.96982
153.5016
175.53581
160.16391
169.94366
136.74532
147.88483
168.25368
189.10085
208.20576
174.883
181.70505
159.6772
194.49728
132.88048
176.049
166.82062
140.21262
165.99068
155.94601
135.45071
159.58893
166.76157
160.09726
164.57622
199.02902
147.60518
213.57454
231.02223
179.01224
134.76646
163.84663
164.31133
188.21742
168.36688
128.48459
173.1467
190.60544
171.11845
166.12743
165.89493
165.8753
202.3358
131.18565
167.73106
162.92502
173.69592
172.5631
137.91083
162.76106
132.8537
124.19958
172.96188
194.41324
134.51833
192.22395
143.47845
157.0753
163.7622
162.6005
153.03983
130.71075
155.7446
138.75485
127.46818
134.51524
192.61656
151.27362
148.4255
135.66617
137.87094
172.41861
160.19772
171.55554
179.41353
166.53123
154.57878
157.74522
152.69878
159.45389
111.759445
126.29048
165.36693
147.62595
128.49352
201.26474
159.6312
172.57713
160.56659
130.03113
174.82213
139.41016
144.92174
163.16554
143.10107
138.19098
159.97993
127.22855
203.24095
152.12466
176.85678
154.50163
139.68909
131.39299
153.20647
156.66548
202.9855
145.07417
156.45212
136.23517
149.68602
120.0848
166.53244
154.38509
212.25934
128.88599
168.16034
168.30531
139.01254
145.82458
132.13818
146.7098
163.28459
169.72166
184.94664
135.28973
138.28001
151.34816
179.5923
118.75447
156.98323
165.46605
136.58481
121.08933
126.79661
142.30295
156.64996
155.42116
130.35693
186.56117
157.27284
151.2956
231.29092
166.52995
125.233116
179.5362
185.91386
176.08966
165.15018
181.87546
170.81795
149.01675
184.61705
150.44626
184.59575
139.86075
196.65953
170.56882
133.06508
204.78716
127.931076
155.95094
145.08055
162.71077
133.40149
116.92157
142.50224
126.45458
164.09686
164.30067
198.42592
149.03554
136.64671
147.62108
143.85483
153.54716
142.53537
141.0317
147.65752
124.29896
146.44272
164.7401
128.48073
151.7223
142.43452
167.11964
128.07027
136.33049
113.22985
151.68425
165.57968
137.51167
133.2032
243.62051
120.40168
177.47552
109.69164
123.16861
149.6544
133.40762
131.90186
154.45186
132.24799
177.71098
186.66338
141.38605
145.13115
122.4163
227.15599
118.523315
103.340546
188.99533
165.38057
140.20876
155.46878
137.23616
160.98216
157.68286
149.68294
159.22522
141.96748
144.44067
129.62369
171.69885
163.46564
138.2894
131.315
114.53166
123.72624
160.902
156.12108
168.62415
148.32475
154.4381
143.08801
183.51546
140.76265
123.56997
130.25673
164.63008
162.69922
173.08658
141.84868
128.25104
140.97176
135.77777
170.57921
135.7126
154.23346
156.30586
138.04436
145.43434
142.92058
172.50432
135.16963
99.70883
98.409996
122.20944
121.482666
165.37239
217.27101
182.77084
186.7616
156.9137
145.2247
148.68405
126.32558
165.43669
217.80511
126.49107
161.14508
170.73772
177.56165
160.03017
156.64566
119.40531
175.6463
105.08037
190.32053
179.59413
112.27509
218.03326
123.86105
130.39711
128.3661
118.586784
196.05998
146.74857
130.06964
160.98497
148.95786
158.34421
178.7657
164.58652
178.7495
144.28839
112.62519
158.68138
159.16377
143.592
150.45567
140.11624
124.46195
129.48468
112.53213
141.28056
147.86699
127.59345
138.90361
123.33651
130.06615
156.52141
206.86412
210.07806
189.56317
153.45221
138.77922
140.74901
146.98338
142.78293
141.12563
197.61491
133.38379
136.11223
142.93027
133.53172
169.31439
191.86319
255.72543
226.08379
93.06785
133.02754
111.642815
194.88823
156.1032
146.85342
135.76585
152.3086
190.45361
201.4472
172.53896
145.59428
129.78029
181.24205
144.3548
147.22829
163.6926
153.87279
149.10521
138.42554
137.8035
133.86424
183.72131
153.95654
185.8806
165.6249
155.34206
136.22626
161.514
123.34154
179.23541
145.75368
132.29552
168.47949
151.11224
124.21785
164.87776
126.27216
161.67467
162.82263
142.55864
163.08492
126.177704
145.3807
164.88583
148.11345
175.5158
210.83014
135.62851
122.8871
150.56998
109.06044
143.23839
124.462715
133.51654
160.829
137.70674
128.64209
167.77324
109.71235
200.5856
173.8273
156.55171
187.2883
215.85883
180.2581
199.1631
170.73607
157.99026
188.18953
151.12415
183.91788
160.2638
182.16406
179.92068
202.28654
136.64511
190.10191
194.83917
201.14793
147.40794
216.58917
150.46956
174.90459
177.65245
137.8833
204.04964
178.36469
184.1562
183.71594
173.37248
194.72719
210.2467
212.21341
201.74588
140.63824
156.00752
193.40266
148.84372
145.16208
135.73367
178.76854
212.1282
170.00877
213.48114
139.49597
130.15388
201.87651
145.22899
203.38022
218.11691
165.7937
225.12079
180.36447
194.87953
252.78073
170.89209
225.04005
247.49829
200.69365
186.31573
184.78017
180.37029
209.0306
251.60674
220.57031
150.32251
176.9636
101.96603
177.1455
182.58359
195.76707
126.78166
216.8929
211.70044
209.08026
146.1054
209.88231
145.60931
231.28084
182.97525
199.72845
197.38165
144.40294
199.73459
158.64531
193.85274
199.90726
190.25366
164.16765
209.89372
180.45569
212.3269
168.59157
180.16507
176.2135
201.75623
181.07143
219.14131
162.56172
176.97961
171.6591
199.9805
155.1846
242.5991
165.51277
131.21759
159.31297
207.43546
160.04918
166.49265
180.06972
172.43533
237.8173
146.62062
173.25996
148.32016
185.1376
200.12292
171.80061
185.13313
166.46028
171.66548
196.06863
119.5384
159.4279
212.95425
165.26132
154.77997
134.69737
149.64856
138.00615
173.49924
157.14038
154.699
147.20839
177.63492
157.68259
168.17278
140.94989
155.92719
183.7695
191.9841
153.76463
149.60495
200.37657
171.297
179.61781
161.39673
202.93715
181.55522
217.16411
178.20636
173.87338
118.019714
175.11629
177.5977
147.75735
152.44102
154.01707
151.7564
173.32187
187.17732
161.17905
247.51186
159.86809
174.41463
197.57158
140.78557
172.8645
129.40878
151.6393
159.66322
148.63136
170.89726
136.05585
163.46332
92.95881
149.68816
189.5475
132.64873
100.52658
161.39626
153.51805
204.18228
147.82317
165.40288
114.02373
122.8442
192.91234
133.64366
181.71347
153.05272
175.6927
135.21109
188.09969
167.54854
150.70796
204.2045
148.7133
162.88368
186.52773
138.4611
180.37462
201.56493
121.44393
158.8338
167.87128
156.65814
140.80476
175.52272
159.80554
137.17303
170.32515
152.1462
146.85728
169.09937
191.55037
141.25891
149.23825
140.7503
133.67038
155.77641
145.5243
182.0819
140.90094
152.97432
170.25201
133.37373
181.2756
152.18803
128.42957
154.24011
196.92062
171.60178
138.55594
133.65251
150.0364
142.75421
130.7481
180.51996
136.35387
144.38182
170.60164
167.66916
158.1553
237.45795
156.22809
165.43727
160.33124
157.54446
192.0849
162.61418
165.69185
142.39864
114.77829
124.48057
119.73722
140.60109
181.77994
173.77348
168.29584
168.73013
140.66348
144.12575
166.54572
155.5754
139.59889
170.86345
170.78807
130.15547
165.85904
147.58308
200.26805
152.65343
204.58319
134.71301
142.81708
132.25656
141.72983
150.90373
130.4544
131.97223
154.95195
149.25667
119.71782
124.2353
151.07133
166.30365
120.34382
151.4997
150.02838
112.68408
167.49069
167.15875
133.58224
112.31186
158.92108
158.665
134.11139
131.07109
118.067894
135.07683
148.58472
187.40897
152.4889
190.33781
165.32866
197.16397
124.882256
199.48924
158.27893
143.00214
183.187
210.07726
199.94527
221.7096
196.8794
205.04405
217.07619
200.27701
192.66783
190.61627
163.63379
155.52068
195.68317
204.65208
169.50177
212.84882
224.99698
194.87538
221.83557
187.32542
170.50484
178.4854
179.98598
202.11418
243.27637
200.56265
178.06856
173.10551
224.23523
183.02501
134.03429
174.42673
184.51964
193.904
196.30318
162.57188
214.50073
187.95325
208.37308
196.04956
199.54042
189.77013
191.70157
206.04749
232.66516
225.07077
190.80006
195.96942
194.45943
175.70888
207.3319
174.76595
173.07494
224.7678
197.04335
154.09062
165.59187
167.52307
159.45026
157.2751
170.5693
208.09566
194.5998
177.92784
182.8035
202.99043
209.80286
217.2973
198.5882
166.03061
214.1009
178.55804
179.91171
215.09074
200.32486
197.61899
225.75148
151.82735
214.30612
187.98926
160.53357
160.20453
205.38904
174.26514
177.69351
183.02771
194.46756
144.55537
186.97977
149.06956
166.30676
215.00163
160.59566
190.12909
198.71518
197.35606
174.85268
202.4641
190.17677
179.6664
186.68199
225.6203
173.08704
234.03362
180.13614
180.25314
170.76839
194.43419
170.89357
166.1526
201.81917
183.91055
198.0177
182.08832
169.85713
194.2417
209.26624
169.84625
182.78618
174.61453
173.81729
186.15434
192.81268
185.00223
205.83018
154.39633
180.58879
202.51384
161.81894
169.21088
146.64198
187.7499
174.60754
143.483
166.25504
161.2473
160.38113
160.66147
151.69485
177.59885
158.19858
120.32067
189.21588
181.24998
148.21495
180.66101
140.30142
222.56914
154.52748
255.21027
139.36935
136.43317
171.67422
164.5206
134.63992
203.76952
178.68279
173.56929
155.77036
176.62172
186.8349
188.8592
206.78075
197.75122
192.77316
154.01874
199.69478
130.89882
169.89426
177.43843
160.8122
158.72714
165.09435
137.18558
96.2099
169.19221
165.37839
169.76297
172.3181
179.31451
150.30237
170.24075
166.24812
185.52188
149.09883
179.39755
164.36368
216.71623
154.37247
179.84546
155.35652
185.81421
170.62825
190.29436
149.32207
210.0388
159.30055
151.92589
136.87465
189.63304
154.04297
194.79944
142.91516
126.86594
142.98106
147.7838
189.48958
187.43973
136.76694
166.77524
141.77898
195.75098
144.61035
146.55057
205.4571
145.28769
191.46059
172.97351
161.68661
173.21393
177.1079
189.15175
202.17035
118.46581
143.14513
178.42395
217.88216
166.05814
176.06488
120.92253
208.64055
214.84773
176.26738
144.35956
134.72942
185.71599
144.19502
154.74278
197.79382
205.41292
123.99937
179.0954
132.85495
165.98064
163.42229
137.68591
203.53062
165.62904
170.08984
187.70164
153.18437
162.22372
185.15799
171.0039
192.21762
206.61957
133.79536
255.36125
238.19981
249.07214
243.64546
199.84607
206.49426
233.91956
251.29399
254.80711
226.66566
255.3618
215.51645
224.42421
237.93965
240.8705
260.66644
191.69617
199.40218
239.59888
194.08421
228.55103
210.8157
245.07419
204.4674
237.95296
205.77527
193.80644
191.04434
202.19923
194.264
232.89429
200.5732
172.64117
237.15196
238.63
235.18297
254.67188
250.99861
236.82065
261.0282
210.35359
198.45068
182.16687
255.36702
286.13455
261.4869
237.34294
245.03528
223.24095
186.95226
201.39006
237.15787
225.17569
267.11484
231.43938
277.25412
179.58821
238.49239
260.25208
193.04022
234.87013
222.34428
246.1161
213.76407
217.55556
171.16837
268.46603
222.5755
204.74026
246.54921
213.13364
249.16035
179.29716
217.9557
194.90819
263.0716
217.89796
245.24652
189.24791
224.24869
246.25203
208.92583
231.22833
254.07661
227.9993
199.37154
246.29216
188.53798
240.06184
183.86917
208.8816
189.9494
236.44844
229.12502
251.46695
222.65822
216.53581
206.0355
175.40846
229.68188
195.96213
187.33342
246.19243
213.7112
193.81761
198.16849
187.85419
227.2338
235.57716
214.82744
201.04956
226.59695
243.59459
224.88675
210.17076
214.12794
197.74788
199.36726
220.21037
215.24487
188.82278
222.45177
151.1794
241.42992
199.79515
189.19008
202.29433
194.5928
245.8287
232.24403
221.24937
153.87097
188.31087
188.42773
182.2366
229.45505
176.49911
188.55428
178.03313
276.37906
215.46341
166.29572
231.67795
250.0223
232.8032
202.78154
184.5223
256.23898
238.93391
230.27835
211.80046
210.90388
234.76988
236.347
173.43797
236.52022
192.47383
182.86868
213.63503
218.81552
246.91267
225.06636
143.75523
236.15015
187.41647
199.33072
192.4234
215.40237
173.54164
182.42097
212.32422
194.83911
202.15532
220.39484
177.44453
203.53203
162.5691
225.49173
173.5806
144.54376
204.39249
189.46994
219.8545
197.04918
146.06772
217.70206
216.34126
191.0812
190.17848
205.74156
185.6039
198.52094
219.4674
212.09782
212.20555
209.76309
204.0782
210.27998
218.7544
212.00687
277.37482
217.76166
215.28554
230.92392
177.49919
241.96205
184.28679
188.62273
186.99168
222.43903
265.43225
210.34244
202.26929
221.13448
210.90433
258.4589
214.45085
239.42502
255.23512
263.48105
216.91434
184.7573
226.17819
191.21553
181.32411
208.75229
232.18716
269.21494
216.9443
190.72708
152.23389
214.87277
162.84161
201.1552
223.6659
257.54114
249.46776
219.50883
150.65038
243.45833
207.12775
233.53613
151.41837
182.98853
175.1132
145.6714
174.58984
196.91591
234.3792
227.42006
199.9524
189.16025
230.18234
184.73677
245.30225
244.96652
184.43837
261.69632
191.40353
209.14983
225.33992
183.8436
226.37686
162.40518
203.34535
208.70073
200.97514
230.61456
196.15002
191.66545
237.09338
237.39369
245.8247
227.14046
216.33113
235.93832
215.44623
233.92804
179.3239
203.34024
181.57779
185.50418
175.35062
221.28217
204.07729
173.6825
210.84013
186.765
202.19572
219.75775
196.94843
213.09264
211.62846
252.51776
216.05002
207.33365
186.07686
198.04086
254.79376
196.54659
206.11491
191.68764
245.55988
208.43773
200.2632
192.81137
211.32176
180.45586
206.72223
186.88423
168.44142
225.51083
198.09145
212.81627
207.32396
195.15881
208.99359
220.32927
223.98787
203.55103
205.9529
234.87563
188.50497
215.76312
172.6879
198.81668
195.12444
220.73564
153.22075
213.04968
194.33156
158.27357
216.18138
232.6624
189.99883
186.74812
207.31602
208.80167
181.94325
209.74289
194.95021
202.9705
179.7317
220.80817
194.89793
214.69278
167.49274
205.28505
200.95108
271.96942
238.3024
217.15279
222.71455
235.08426
216.6945
220.24881
171.13551
238.11789
225.9831
224.5838
207.59555
224.8143
238.48933
244.99005
223.49632
215.77893
207.60078
197.4856
197.83534
239.76878
229.46439
195.72864
169.81699
206.58842
187.85542
218.50137
199.38904
193.4683
215.06572
216.3624
198.70735
183.7983
196.433
217.37651
175.70029
208.04953
196.96245
203.54097
198.80092
184.38217
184.3295
180.524
206.31194
235.48735
179.2537
186.4878
181.13608
192.74359
191.1733
192.5699
203.38322
196.9546
162.39642
174.36766
235.97777
201.95549
185.22885
179.0469
190.33652
166.8078
173.32533
218.62958
224.59364
189.13666
232.86696
176.83191
205.61853
207.76735
183.20401
240.60448
179.62291
202.9382
193.68001
199.60175
217.65205
233.44273
183.72598
216.26564
200.8367
174.88568
246.32428
223.2306
190.38664
169.9269
205.39688
232.07596
178.36784
212.09863
200.4095
193.5317
194.93953
230.32661
225.20059
259.5899
219.35889
222.45793
201.08768
187.21786
201.74783
221.02701
174.11035
190.43163
247.65576
221.21736
211.50298
201.99069
214.68251
204.57559
224.15186
202.45811
220.4995
218.11815
173.0609
219.62448
231.06177
177.23943
192.08415
222.51357
201.21465
193.36974
245.35756
202.1561
226.37392
204.47765
194.03358
255.21332
235.14435
227.36203
218.32207
185.32918
214.97508
224.24603
201.12337
203.72462
179.58275
190.91443
229.6036
231.07559
208.71573
181.48996
157.56323
219.14052
189.23126
203.15799
218.61093
207.33145
188.41965
186.24568
148.31169
225.86847
205.36131
195.24025
209.67664
235.24886
191.09377
240.60364
203.60849
233.1032
213.11913
174.72583
232.53645
191.30008
230.11456
235.36423
222.16956
251.8671
184.2804
207.21614
201.04675
184.00372
173.91003
187.492
167.34122
206.01036
202.81174
201.97261
189.0227
215.5849
166.70901
177.47507
214.0287
171.77312
204.00792
210.95743
186.23738
200.01598
191.53703
173.09677
196.28178
251.3693
186.24744
175.28421
189.27887
200.5133
163.47324
187.00354
202.95601
168.41139
182.77084
188.04822
224.79129
211.61212
197.76895
172.33572
180.67484
188.20352
220.7608
185.7694
185.49525
150.62419
204.51785
177.95233
195.28514
176.71814
193.30339
159.08246
199.04425
188.32724
172.68294
128.3924
170.9559
172.41016
182.88838
220.28511
170.61118
197.0906
177.25362
202.01633
190.76329
199.84633
183.78366
193.83162
198.84587
200.32774
161.67014
179.60793
192.97165
162.13805
180.30013
188.54366
158.41905
176.42404
176.58041
165.26602
168.16492
159.15614
165.32233
187.2573
149.89153
164.24553
184.9717
191.479
197.96445
177.42598
183.6299
177.272
192.4844
178.55682
205.9497
185.88184
195.28639
153.57448
209.20755
194.08496
219.8049
193.57104
225.69571
203.09518
191.0427
187.38498
189.03229
202.87514
201.9144
195.90883
222.21852
194.90085
185.34378
176.00719
222.86821
225.0033
189.11444
217.12912
192.96283
191.81252
192.993
196.90285
201.05377
203.96484
225.19266
204.08519
216.99626
216.54854
224.6409
193.3941
228.6663
229.86914
221.14929
175.70195
185.35117
188.21452
211.47858
175.97556
199.06981
221.6116
260.01413
217.81184
233.01196
188.13257
203.55902
227.99599
208.2911
189.42633
173.44101
209.08559
209.77838
232.43262
184.77713
199.5819
183.11845
150.51318
173.07712
199.16028
165.79695
225.23633
181.2867
176.08336
204.34532
177.01712
183.92558
197.34343
201.06776
171.07835
233.88805
205.77325
225.38997
157.789
161.29709
182.62054
230.28036
172.66322
181.4089
148.53189
212.46088
206.78235
180.98474
193.81392
215.83698
193.27188
189.49207
180.89627
209.92792
170.86513
168.3093
224.41516
198.47707
223.36885
177.42387
215.08546
232.15793
204.56328
211.70993
192.5264
166.23888
166.1916
197.948
189.03348
218.33176
194.90274
206.46442
199.3733
207.22903
178.24135
177.9498
173.05449
182.66293
205.24724
234.3117
201.06952
225.15945
213.89954
195.28313
205.81953
206.98418
183.86618
219.7864
159.12059
235.45288
208.33717
233.57336
248.5273
198.15874
211.54494
199.895
189.64801
208.92418
206.88017
186.73158
180.85435
126.873405
148.68759
207.50842
243.29498
230.69481
204.92555
217.59523
189.75224
221.31322
212.87746
241.95369
187.91873
225.9397
204.11581
201.65652
241.68681
193.55011
234.22714
205.99806
216.70934
196.55605
193.40253
217.5043
198.92053
207.90169
192.16534
248.18768
220.96356
195.60307
222.0742
242.71564
229.83995
228.26517
197.28539
193.1389
197.9777
206.04478
236.22205
199.8619
197.82993
218.30151
242.07149
218.75902
215.67741
193.47704
221.66663
230.49953
174.21754
233.0105
196.83302
249.96233
231.52483
187.65129
229.83002
189.73006
184.35896
232.93983
198.06404
226.2185
191.77243
207.93814
179.65894
211.56981
213.06508
234.79234
198.13652
231.46693
190.31201
209.34363
217.07832
192.24911
220.99078
219.72935
192.26321
204.40337
227.128
228.17825
216.84608
226.61725
229.78902
221.32272
231.58847
264.61267
217.75502
221.92775
201.3506
191.05984
235.54933
224.21356
235.01233
226.25024
151.18633
186.41449
185.15665
221.04927
215.40207
230.2745
235.94719
256.8503
216.90868
205.97816
197.73524
171.89413
237.14873
213.04782
172.1671
183.88487
212.90181
238.19125
213.86711
251.59045
245.17366
211.4994
247.2057
243.29904
209.67014
206.08716
228.20532
163.51868
248.53233
213.3594
236.84991
203.65625
218.82616
231.11284
236.52277
224.12907
222.99821
231.47682
212.62495
229.42114
225.37999
245.13828
236.83229
199.07423
216.2304
242.6944
262.4307
216.66711
222.44524
254.19563
207.49588
186.35434
241.4431
238.49225
204.81451
236.39622
201.97105
194.16628
206.7061
211.4994
234.33005
160.00719
163.3475
203.62471
189.30116
249.5186
221.79276
215.02815
152.47287
226.90623
228.17018
253.27795
208.0405
187.69241
244.08171
251.64856
174.71489
265.20273
221.00208
215.62335
212.38074
207.96022
198.86867
218.02106
185.59595
240.13034
214.11276
222.77864
241.32095
217.76317
224.28717
223.92018
246.7275
217.8265
191.84352
267.3417
199.02597
209.52878
224.76291
239.71617
210.60477
214.93788
236.58498
194.67514
176.97571
224.40262
226.20169
170.69495
235.54446
202.00966
199.51845
210.51213
203.27904
273.5075
270.4871
233.05219
200.61392
185.69377
238.08398
214.30302
241.67975
228.41997
193.36954
191.76799
200.87895
220.38095
221.43529
211.8398
215.38461
182.45264
242.22327
253.31996
208.36946
220.19664
210.55577
224.13873
234.59575
197.47488
226.59329
198.06577
173.9622
241.07587
260.42914
196.69864
167.28078
213.72708
221.19174
212.64705
271.96072
187.73979
168.05751
202.42368
207.09666
222.48552
228.62177
243.4443
172.56902
214.62053
216.84303
222.4302
184.0527
196.68988
249.42342
277.80423
248.93457
234.89903
205.39745
171.99564
197.29198
239.61786
201.32912
222.06395
235.33188
210.6119
264.02
217.39485
252.75311
237.16554
256.86218
185.02536
225.72635
202.77362
264.15005
210.80836
187.92885
208.73418
233.50902
246.57573
215.68317
163.03606
189.19295
195.98816
229.25116
219.34314
199.1654
199.71759
162.89331
238.8843
223.74919
185.12814
214.68774
178.27441
211.2971
190.09232
230.70213
215.0728
220.89723
226.71265
180.63002
193.9144
222.49695
193.7912
169.2572
168.07765
163.1893
215.42953
213.83371
256.4821
185.76244
233.7915
188.23029
250.93184
181.34402
200.80174
241.59576
199.1995
175.89928
190.00002
206.29657
248.87593
205.62798
210.81834
188.38582
220.9601
184.12752
199.21245
200.1489
201.14809
213.9984
180.30695
241.5665
245.0854
194.3978
231.02348
223.06195
184.51302
236.41536
219.12814
199.71074
194.78986
207.79414
170.4168
207.38988
217.93394
182.22139
174.93704
181.49533
221.32092
210.02255
188.99484
206.59126
174.59944
179.2823
230.4879
250.74257
183.68512
195.49632
230.98541
220.34111
191.7036
215.75215
200.1399
203.9063
225.93721
177.37404
230.34235
194.2615
168.02193
210.30699
221.41069
190.29735
186.92744
197.94595
219.75655
230.03001
247.6588
202.20847
239.1224
230.1011
222.11992
230.44937
224.94228
194.43233
187.7249
188.95128
213.62563
225.32518
193.96216
232.61784
190.06976
230.39919
231.37897
237.41707
227.68895
183.10345
240.05643
239.68024
206.34058
221.44554
202.30873
225.03891
208.94106
175.49323
237.65227
236.10333
196.88889
224.0952
224.38309
152.67564
176.41916
208.54353
203.4512
218.45897
226.2888
193.36136
179.04236
249.80315
200.34924
186.32523
172.78358
205.87775
186.40509
223.87196
206.49684
189.34021
221.20811
213.95988
241.02286
205.29707
245.00713
235.20999
212.33902
155.31642
198.18971
164.94136
134.03273
188.50763
196.25902
194.76645
217.79483
206.39674
216.61171
210.10193
210.19717
204.18369
188.28313
179.53226
182.25972
179.31784
212.26825
244.73228
234.68152
208.67387
214.48685
239.47482
240.67943
201.22932
158.16751
193.71399
215.8611
205.5414
218.38109
187.46136
215.91962
202.41231
233.75787
227.4846
238.10693
214.25945
198.54971
199.36421
190.21988
198.13393
234.8109
226.72858
238.49725
221.73163
191.14188
209.78723
208.60536
236.40404
241.06152
205.60416
207.05128
211.1928
166.84784
217.34975
220.60019
186.55275
220.41145
192.36646
289.70444
168.96112
205.83313
163.18076
232.94318
197.08203
229.53061
188.33699
176.79918
205.82697
201.77666
195.22191
200.8363
192.29291
247.66519
239.84096
191.92223
198.89816
227.91103
189.6748
201.6362
203.92699
214.2866
226.35219
198.43307
202.0472
182.2778
198.58719
222.75008
199.92511
188.37785
210.9464
183.75322
198.99161
216.18156
219.2679
234.84744
247.67491
225.71515
196.15576
244.31926
225.5864
207.62952
195.4231
200.09521
222.58159
180.38591
195.92888
204.49345
118.104164
208.73134
232.79485
194.11734
206.81242
197.98557
175.17882
217.56479
213.87737
210.62373
233.3646
220.529
160.61725
221.03535
223.1968
212.8155
223.83867
209.05156
217.493
211.6715
220.19919
208.96588
206.94858
266.83673
214.1801
219.49098
199.02068
199.36049
194.59457
221.68521
211.18
207.13135
215.6297
225.36119
238.02834
222.21211
212.33139
280.2327
250.67497
216.54755
226.21037
241.9549
256.13724
229.4283
179.58109
212.90338
183.61493
174.96921
182.49402
239.0134
251.56601
189.39345
242.9061
167.67873
223.25952
241.26932
213.34433
175.2034
198.24141
252.18846
228.26933
230.52576
232.18768
198.57747
217.00667
263.19357
245.50061
276.22278
243.17781
180.84402
233.63228
194.816
224.07126
237.55351
242.77856
278.8149
228.20845
227.26035
170.79585
203.57799
236.95201
192.57732
229.87308
232.95479
224.31932
239.68938
190.82542
270.958
197.01971
162.00081
260.5417
202.68695
242.01889
160.44691
230.57071
190.40158
235.29765
216.5324
230.72241
244.79239
205.3289
226.96904
200.86241
219.01765
173.54735
241.35083
214.4319
255.98024
204.77927
217.7248
183.59158
251.35345
213.87273
200.91228
159.07552
211.29976
186.58891
209.96584
206.60394
240.4574
238.77531
229.13586
206.44934
235.6091
194.5706
204.71027
183.79312
259.38303
238.29733
233.17511
181.26906
223.39783
179.45471
256.44058
167.4302
222.23541
193.80496
212.496
222.15755
194.71092
174.10742
202.69362
203.35484
148.02194
239.43152
280.50732
248.48071
188.74637
211.38696
193.09492
247.56276
226.60667
190.88013
219.87906
251.56168
173.13673
243.92604
208.91687
226.88693
264.0453
207.21117
192.49725
236.49643
174.47841
202.91573
232.78479
227.47066
234.86943
200.15398
201.90927
177.21587
156.51602
209.1169
163.74211
207.11737
217.17422
214.19695
183.7289
205.10228
221.37245
208.58887
215.99652
210.98335
164.19073
189.7731
186.04425
171.69342
160.599
191.94472
182.805
194.8575
171.86417
190.16266
194.2486
174.7807
204.73424
191.47404
197.65544
197.5423
172.28833
187.16234
204.68823
181.79861
182.34483
210.29172
194.683
218.43333
213.18935
194.05016
208.04176
178.87941
192.39285
198.41711
196.11365
192.31778
153.26746
182.06166
173.47403
200.63812
221.50319
215.1709
160.84413
184.29694
203.49388
161.19278
244.80775
188.64168
208.87213
187.42427
181.88469
205.62868
165.99928
226.48584
181.72618
188.60548
223.54063
230.0091
209.34277
211.71368
186.6369
179.87065
210.71083
146.73666
173.37607
196.28316
205.39532
181.10295
190.72092
211.67807
160.00883
194.88866
190.96573
188.89682
219.89484
180.25598
190.07059
186.077
176.39027
213.76764
182.3078
228.41116
209.61697
198.77278
183.24577
172.41039
232.27663
200.76546
184.50877
239.08635
238.64677
190.58302
178.68034
186.71396
184.94914
196.26202
203.43765
172.63208
171.74959
193.79593
179.839
205.2977
199.64157
195.28049
203.14816
141.32722
190.95618
180.61598
166.88823
179.18234
194.57469
200.63235
201.89973
180.8562
173.961
170.82573
174.60649
194.48897
212.27509
193.51244
151.6537
229.49612
205.34808
209.28185
191.6334
202.15506
159.45381
174.45845
192.66917
196.1592
181.62923
179.64775
164.04176
237.3886
195.75357
176.6506
195.44565
161.90277
189.67683
202.41147
170.488
175.81502
191.73705
174.70973
194.09657
147.7653
229.55208
155.18231
184.18726
212.7175
226.95755
226.81592
274.6483
211.72083
250.2756
209.17673
205.1311
238.74068
230.59161
205.898
213.58334
201.90706
223.5485
211.40042
225.22702
201.79517
213.90868
201.30359
200.28453
190.94458
229.45535
204.66911
243.06383
201.79657
222.60576
183.8842
220.44484
258.51105
155.13188
208.09695
242.9348
218.6043
193.0962
210.25748
220.14703
233.68118
220.7543
203.4545
230.87276
231.76808
263.36066
251.2674
216.73671
222.96034
202.87352
210.76768
225.68877
196.68855
226.08116
199.57498
220.74757
240.3367
235.90552
282.2627
218.02008
219.54655
232.39551
203.98817
165.34137
217.89859
203.17357
182.56702
216.94273
192.74002
235.0212
197.05443
209.01627
222.79884
238.40642
196.8258
202.25851
164.40118
200.72508
232.40994
278.68546
181.36095
188.80132
196.10042
185.47878
169.11522
231.59647
179.75923
193.68709
190.1294
220.14001
156.57314
203.5822
186.11137
239.04124
181.80911
202.04773
249.95615
236.85631
202.21951
206.12971
231.84665
189.24438
215.74019
256.6013
205.98311
217.59254
213.78029
204.0582
239.78024
176.79971
242.06946
181.45404
216.54341
245.29866
191.99979
209.88281
218.21637
237.13354
196.58684
179.32481
211.30977
192.18187
235.77853
189.21124
190.0726
184.18367
257.07742
185.97083
225.31586
215.85725
243.96254
176.55717
244.09438
237.9324
219.38268
249.5491
214.91058
167.66458
207.9685
225.03488
205.87906
199.67743
247.36993
178.98819
222.84846
200.50044
246.3826
207.22395
221.07889
248.50198
215.04257
207.99834
230.6148
201.32071
223.8637
265.13968
197.16505
209.09586
208.38635
223.20517
226.56622
193.17503
179.7944
192.09567
207.46257
216.36423
210.32956
262.0313
186.62189
182.31395
215.87352
223.29305
204.77121
231.03711
215.51941
218.1607
165.39688
201.4467
160.64987
214.46848
220.52126
247.52692
176.42943
211.8461
189.2069
197.06227
225.31622
169.66794
227.55801
178.51894
248.5701
239.12274
206.83311
177.85785
253.80118
227.18842
233.64679
255.5937
188.4363
216.58855
208.42978
202.0211
216.53848
227.54787
240.62273
231.60121
196.76071
190.7555
207.06784
220.99895
253.46794
204.0848
225.04236
215.15443
231.6819
212.08966
180.26376
207.73341
254.10948
193.68355
227.0493
218.62976
225.11826
231.6548
207.27086
247.89957
205.52606
222.73016
208.66325
202.97707
236.33887
203.16055
220.15776
213.458
239.54704
257.24713
222.57863
221.33572
212.57097
220.80812
193.6571
222.10858
220.39967
219.51016
157.7338
224.80931
225.31035
238.27629
223.66277
228.6556
229.34222
200.95892
198.62492
208.82312
186.25534
207.23009
175.10294
235.27371
220.75177
223.66176
204.28145
201.8418
240.18407
209.18018
191.95187
206.91429
222.64252
244.1415
191.9808
243.17024
236.20538
211.28033
241.59958
256.48953
175.49701
197.67136
228.6241
225.98523
260.7379
220.54765
184.48161
204.99583
214.01924
234.85764
215.83961
214.66998
259.4552
194.16641
220.66548
225.68243
192.6028
193.16306
248.75888
221.96544
208.55899
219.69748
203.36911
270.9026
248.35835
240.95209
227.03442
217.42741
239.6341
221.7606
226.01743
230.68541
238.43736
221.45517
239.42688
238.34683
233.57321
241.98853
245.40022
206.66545
220.89789
206.05156
195.4178
189.14835
237.93648
211.4451
172.73007
210.41473
191.06949
204.64961
249.3658
174.488
202.1685
209.36703
196.54063
186.64671
234.3369
185.98517
213.1882
222.04214
239.5113
237.31104
204.77802
216.19931
218.56984
215.90172
227.36446
229.57724
198.97601
199.97308
202.88463
224.60599
200.10478
216.62431
174.68166
155.61249
196.22871
185.44377
257.84686
176.8269
230.20908
224.78313
222.6562
203.23097
213.58131
213.54756
162.98405
157.24617
212.78468
187.2716
179.41841
200.70987
208.57207
157.08809
178.40675
214.18768
212.13623
179.83945
201.95773
168.8285
217.03542
192.23682
162.89255
230.67203
227.71736
248.30669
180.53474
219.79558
212.40163
209.57419
169.58688
187.5693
190.69562
205.6298
214.82619
196.76784
223.3943
181.92017
206.12233
190.68503
198.0447
178.44421
208.759
202.68613
206.82292
163.11433
199.19978
198.82848
201.10344
194.9431
205.22029
204.7546
205.55226
211.20168
193.56532
211.1652
191.98994
221.52966
209.97302
193.9613
224.74306
215.14487
176.175
220.60638
248.48233
170.63394
215.54272
194.54333
196.48189
263.76315
218.32724
229.59605
191.6811
167.41672
231.8885
189.6889
240.29263
188.07025
215.04858
189.97298
180.84406
196.12907
190.21652
208.16547
185.70567
179.7275
254.5976
200.03923
213.17357
214.76274
145.03314
173.30237
197.30275
191.46324
191.7757
226.08289
186.60522
212.64786
248.33514
207.77943
177.24747
237.91724
172.94444
202.05386
246.56015
238.20468
200.52487
222.48154
184.44276
237.26756
174.66502
179.5234
212.8596
192.59535
214.9582
177.92587
238.39656
172.56665
173.30779
174.76045
261.75113
232.67029
203.44745
195.73392
192.56061
201.28181
159.02155
223.26273
171.57932
196.82486
187.31349
259.69034
186.89703
209.75157
179.7357
161.9489
192.51065
222.86134
151.86249
233.66772
202.22054
225.20168
217.50983
230.7634
197.65001
156.12784
207.70903
208.87164
199.83125
162.88728
193.14542
209.31007
169.98538
217.06436
180.84764
184.26767
193.32623
233.10214
187.2894
183.81903
146.27757
164.16362
173.24312
177.23062
198.78598
165.48274
148.62573
211.54704
219.8169
215.78589
204.30261
174.71701
203.28145
152.00575
211.46387
213.38853
171.54048
154.87471
192.69624
197.92255
202.0617
251.21475
220.30588
219.3342
193.15938
190.59615
214.58943
175.14163
201.87296
216.67715
178.31262
161.60107
134.14536
180.66582
171.7636
207.7062
201.08543
223.70438
205.2174
227.44843
184.67722
163.46028
202.83267
228.87209
168.81505
212.76234
203.85616
193.05605
184.36037
237.98825
194.66731
261.43402
229.19185
240.60172
197.60176
210.14833
171.22412
188.49353
193.16428
180.90623
198.80608
150.13779
169.23288
153.9351
160.93321
168.4378
161.55931
175.4614
199.70894
154.25098
185.54988
153.8659
158.93144
177.44083
191.54831
202.49179
206.58565
176.2716
179.06128
186.24643
195.24837
212.68932
157.60326
209.79999
172.26428
159.15175
151.61104
153.51
175.5967
216.6914
179.53117
189.04184
183.06044
190.79202
217.45622
193.29077
190.076
176.83505
167.58946
194.07399
157.27762
241.92317
181.33278
211.94397
189.11353
194.25554
174.78316
215.72049
189.59789
173.01868
192.69363
161.52914
188.71239
204.03992
180.4331
164.90732
167.28285
172.19472
225.77057
209.62073
210.66583
211.4448
204.17596
187.42291
209.09906
171.47037
222.81575
197.07884
194.21092
188.54878
199.66183
179.70035
155.67793
188.97456
192.71724
180.00699
177.07697
173.17409
221.72975
166.437
207.40584
191.56436
174.2569
172.7211
202.1304
239.60324
186.99718
145.8907
163.40984
180.73477
185.21584
174.40721
159.30028
180.72847
177.99597
150.85115
172.15968
208.40381
202.89215
195.38866
208.49185
174.31934
204.64125
201.84477
203.94875
130.01941
211.87679
175.20824
156.12282
187.29163
178.99097
185.0391
201.27267
207.18106
177.14586
181.08173
205.94003
223.62074
166.99745
189.52953
178.03403
227.74205
181.07202
198.5758
220.58014
203.66997
221.31718
155.395
198.4687
202.7051
126.51683
181.1604
177.91739
166.71262
152.86108
231.25447
178.23251
187.11424
174.9476
196.63503
171.075
161.18338
159.95018
180.56584
180.71706
201.7056
186.41296
187.10725
200.12447
180.19
197.83336
204.54387
169.60316
99.099304
171.36273
113.3594
174.43906
180.09546
190.95013
207.41754
184.68268
187.22292
154.77
177.41925
145.64362
146.81895
180.29094
214.52658
195.71985
239.92609
195.51544
182.60292
196.43028
170.69604
218.29181
168.76692
139.19363
150.11394
193.36545
149.99826
161.74226
140.0665
241.47462
186.2056
163.13802
148.41486
180.5761
158.18942
170.0272
173.47899
119.909515
203.6115
164.1496
212.2434
166.32529
175.04562
168.78943
174.4686
157.0811
216.6375
206.47046
164.1559
225.41844
227.70598
211.15402
191.31903
211.26465
222.78221
193.06647
199.651
233.95479
176.35059
218.44853
232.3273
186.48138
153.0804
194.73056
183.54951
198.47285
190.5055
183.47227
193.77325
225.68932
186.42474
215.15663
191.85889
181.11755
214.1983
205.13863
179.94528
206.39897
208.32568
202.10797
185.28586
201.78967
231.73802
151.62178
206.4401
219.74342
212.58817
213.04427
190.94527
211.96906
190.81218
201.75229
218.52841
209.85132
206.12482
207.52704
184.25528
173.25006
202.53136
213.94527
212.28345
213.84799
223.1045
190.80786
192.82605
239.04361
222.90784
220.99799
189.97072
184.53275
180.23001
216.07237
205.82669
192.06488
240.03273
213.42082
206.12395
196.94376
182.56866
152.37155
183.78247
213.39536
230.31955
216.50554
208.89316
150.68219
217.52975
180.36177
220.62737
193.18105
191.00858
217.17621
231.26035
229.8816
198.85193
199.82782
222.71017
187.72528
187.26434
196.18806
163.63268
200.50868
216.22772
217.03108
184.94041
198.87811
213.10307
196.49184
214.78456
231.51418
243.4366
203.30058
214.89917
217.72078
204.7779
254.44771
215.20178
145.6221
223.7169
190.2689
236.26675
178.84067
206.26192
207.26442
194.35826
189.82228
198.41728
214.0162
214.21936
203.94852
198.17648
191.98161
165.93712
202.04065
214.20268
218.9102
221.01425
220.20477
198.45132
207.84787
173.373
184.06352
235.02425
205.90863
209.69641
215.2902
213.56877
192.97473
232.62782
168.54211
230.8294
212.8036
191.35873
213.1485
219.28061
187.99707
184.51723
216.23595
195.4931
188.23193
185.15479
202.8695
223.46854
177.67664
194.9128
210.11725
197.216
203.81856
210.48296
223.72075
238.4118
181.95496
224.21843
213.36058
233.53673
169.64604
191.9256
244.44691
234.75745
236.7289
198.05817
212.32352
225.23843
211.13176
201.8041
232.2879
202.30832
238.99956
159.70157
245.9952
217.99643
230.93036
215.40762
242.878
225.73122
207.78766
200.81042
175.62872
213.98029
227.14742
190.78244
227.2648
204.70079
206.4458
253.37881
182.04227
177.7391
173.4661
192.78297
163.37091
176.98225
190.18929
164.21802
239.40567
189.28526
183.91422
213.34052
206.30661
193.60138
123.26818
190.30225
204.79684
214.61588
195.91269
218.41417
207.41943
202.1978
192.20633
223.63109
219.21559
200.01761
185.7077
153.43784
208.99666
213.30289
176.79308
176.62946
185.69193
184.98543
193.97838
189.62383
210.34756
193.24068
227.57416
207.09193
214.56522
210.36375
197.28604
203.976
204.4468
208.1975
185.60042
200.17615
151.37769
211.71611
161.39204
202.10245
175.64537
223.57448
178.88387
221.05193
216.41528
189.94763
200.85051
176.774
196.55524
199.58687
202.99585
228.44707
199.17783
176.11526
217.22388
190.49413
182.30452
215.14626
223.59528
197.0885
198.1335
219.15456
200.42413
171.12915
160.23936
155.1137
221.42152
199.92772
162.45137
238.18076
195.53105
204.67561
174.78046
193.91847
217.4113
202.15123
169.37196
189.3241
182.79536
190.56741
170.78732
210.9602
192.85927
210.11426
191.94826
174.41458
197.1403
243.27193
186.17224
217.27722
228.3851
160.39708
184.71889
216.01103
176.8736
172.88812
195.18518
203.35228
188.78595
169.58424
216.04958
163.44751
171.95299
211.51558
243.93126
219.07666
195.17628
210.70341
203.84387
203.40118
199.50948
202.15575
189.92984
167.85112
184.26213
180.83258
181.38686
192.00603
168.62407
179.56482
205.54776
211.13492
208.22609
203.0692
174.21265
187.30968
193.97624
174.99156
207.34383
186.88339
198.60011
220.57703
192.52637
213.92268
164.96538
125.68371
201.45029
197.12868
250.49213
220.8941
177.61012
205.29294
219.89903
169.4082
179.18999
182.3113
227.43268
215.17688
185.27493
163.93262
198.0937
184.22072
202.76622
241.65132
188.55884
221.16986
199.0714
209.61119
225.5336
179.17574
214.61786
206.83243
210.88385
210.9678
209.14981
171.62186
205.03122
200.7015
231.60616
192.08807
195.2482
191.03992
182.88556
214.00581
243.61848
158.79495
167.57722
223.99553
192.7109
213.78574
208.31139
211.02792
154.39221
149.86981
158.30159
197.07144
174.06265
211.42319
204.17184
186.90807
212.60822
211.3085
229.06288
212.24101
199.72638
193.35797
195.9804
171.83913
185.37096
206.85788
196.75987
211.30989
180.62537
179.68867
244.37695
237.17398
156.59518
168.18706
162.34604
181.18869
185.69275
182.25256
157.87059
168.22598
234.56393
140.64598
203.14432
185.39856
184.90768
220.57162
195.2458
203.31897
198.46924
194.24886
203.71097
185.63272
203.33089
200.7068
199.25293
235.21143
231.3987
159.03201
195.73218
208.74913
211.4516
233.20047
178.27109
204.77928
183.20822
210.4371
215.09795
167.5312
248.29245
153.76222
213.87526
195.43019
204.1112
203.0646
203.88393
172.75769
217.99806
245.09892
210.90923
166.56331
177.69777
243.6842
228.7037
170.76837
197.15105
226.49017
211.48878
215.73495
177.6454
207.32721
165.5331
186.46399
179.55574
213.28365
232.43001
210.08447
209.99431
190.09537
230.012
186.08282
215.15288
184.17468
211.5437
172.55907
185.24448
229.84068
199.78232
207.85641
194.32838
192.95044
208.46022
227.9794
201.7678
197.29231
205.92622
210.41705
174.6418
188.67143
228.6902
164.01967
213.48958
225.96341
207.70645
241.9542
226.66019
222.83992
232.63681
215.2187
236.72469
194.65924
223.49217
261.0083
179.3245
164.4267
218.44508
235.691
194.03268
192.11244
156.64926
157.00357
217.01506
213.96959
229.9374
224.5273
216.07654
201.33966
197.35481
224.98598
185.54597
193.86983
197.73708
197.0832
189.56136
187.12299
208.95706
177.82402
215.94272
201.3519
193.70862
230.61317
198.63918
233.86592
198.33061
193.46542
199.20564
230.46446
190.93059
213.09337
197.53864
217.71573
201.73766
213.58586
225.59935
174.85153
236.62352
170.0078
229.35545
178.04602
195.2647
156.29831
143.21884
217.33998
195.8873
173.25803
175.95514
194.57922
152.83487
191.28806
189.54707
163.53726
197.9818
171.11172
198.15706
209.33287
157.50053
196.36629
176.40225
200.07428
206.0336
185.716
156.16028
211.55553
209.9938
172.37372
193.3645
173.80646
187.82643
228.99202
196.92462
186.7785
165.75642
175.8748
164.00038
179.22597
159.69226
206.73973
161.6048
183.26498
178.01903
211.7355
187.9541
164.53073
209.83969
175.72952
198.95848
178.00742
130.47047
180.72198
183.77354
212.86612
195.444
227.99573
184.57101
226.87799
208.97658
168.4781
199.80183
222.38104
216.29918
196.56932
240.87662
189.76355
217.24507
161.51744
166.29291
236.80142
230.11069
205.07605
205.48813
205.87679
196.98204
235.54694
223.52444
202.26688
152.83984
174.83797
199.5522
222.8836
195.23235
214.39294
173.07135
182.28096
205.44896
185.56248
201.6341
248.17159
200.41296
173.46365
210.83492
212.65802
219.08362
236.7969
236.38028
170.72981
211.3021
202.80215
216.56482
183.72508
208.39694
212.90999
209.04596
191.28839
203.98514
228.96956
185.72838
230.44946
184.70006
209.01794
234.57845
259.65756
147.72908
285.82077
217.8881
238.8291
197.28624
228.4635
231.4366
237.4552
202.76732
255.47273
226.10536
236.60997
233.33412
228.61365
217.8878
200.58583
217.09245
221.80394
189.83922
225.629
190.44313
203.73703
213.9168
179.06195
231.87407
200.88382
207.76169
227.42422
189.76978
185.28114
237.57268
241.6205
183.79463
178.84346
183.02461
228.74551
202.0317
150.97046
242.38972
175.15578
222.646
201.07343
215.20609
234.07887
231.88997
214.55711
224.61603
211.26099
160.48256
213.14148
190.6012
176.29695
167.02682
195.32936
192.63246
235.21071
146.48865
188.85098
152.30672
249.45125
260.69852
195.12212
187.15413
192.19693
199.39453
152.90742
249.54971
186.64291
214.0869
162.59729
185.49985
219.60742
195.42189
222.8892
210.23672
197.35687
171.98122
217.28882
275.85773
181.13
257.09097
195.1642
210.55756
262.5484
181.07938
234.46599
226.4823
204.12955
189.82213
210.9481
194.64821
204.97504
268.36798
197.13593
233.18636
225.97223
216.52272
223.05382
244.19994
217.91771
246.67174
225.99078
205.62593
242.29826
207.20892
205.33698
249.0505
199.2367
210.16183
228.05128
201.94724
225.87704
239.49985
253.53625
260.66135
281.86368
206.71884
207.64464
243.39185
236.56923
217.23988
186.95546
190.2971
241.49323
193.68974
264.85797
291.38623
256.75806
194.41812
231.48856
165.34894
260.832
234.49722
226.91286
213.69003
245.27527
216.85054
229.58144
228.62643
232.36575
230.18375
244.96886
290.70187
274.09515
222.55826
209.09013
233.41457
218.02141
247.4106
249.95494
211.41988
186.60767
245.0459
237.65727
222.55128
198.4823
192.13287
205.94241
199.94946
198.32967
185.32155
213.18886
212.20827
188.51999
208.89464
260.6077
258.52686
206.91335
232.1996
194.39937
229.17921
191.9464
213.88403
193.75107
233.75037
203.78476
216.5166
220.2949
212.29456
218.83313
214.14978
207.33804
207.50735
217.52943
224.8321
219.46446
213.60246
242.81876
200.61697
176.48889
197.68779
197.46579
164.17542
171.03592
169.89673
203.27283
187.90697
160.81053
206.95726
197.58159
192.97101
205.38152
167.06651
208.01549
238.10963
171.94214
177.68481
184.00285
197.73888
168.54242
192.21298
223.14732
218.2211
229.8436
198.09741
138.19656
169.07779
130.5293
153.63396
161.14656
154.08368
187.04355
198.28412
174.03783
161.20857
152.09686
154.10594
151.42735
177.2421
202.96501
194.04712
148.99498
159.0342
151.63785
170.44023
227.41463
202.24196
193.03261
202.90121
130.26924
121.92452
128.57138
149.0135
193.90501
148.68169
190.37949
189.3306
188.40118
131.9615
205.60118
212.1765
212.2995
190.26866
245.85805
202.87396
183.83311
187.07509
200.11765
157.75215
163.31592
209.21194
256.6018
228.27042
184.98294
180.24312
190.33157
130.26349
204.59662
174.38663
170.00917
182.4992
184.52666
219.83583
195.3128
196.1826
149.41963
146.80196
188.3856
177.53333
169.2453
183.02802
177.0516
143.19968
170.03636
188.587
147.08305
178.07773
184.93819
215.75786
175.91528
168.12082
162.91338
173.76778
181.22418
207.78185
152.19748
147.29758
231.74016
213.57591
172.40433
188.33923
169.54689
189.35617
189.3898
147.92807
144.27118
169.17311
203.34541
176.4282
140.34995
166.15688
210.46114
130.65555
199.49184
160.97218
134.57324
176.40536
235.96646
167.22939
148.65921
179.75189
131.17912
138.35712
138.25972
119.91322
147.12941
160.84883
139.65927
180.29568
145.79605
128.44983
221.90608
219.55899
214.11974
214.60417
171.49977
201.18866
187.50871
174.95787
225.92503
208.80743
189.38242
205.49338
176.2923
167.56358
189.25381
188.62561
142.49222
131.0577
194.81708
199.38812
212.30919
158.14081
180.94882
133.40372
199.44167
131.31406
149.76085
133.72554
140.77005
145.7882
142.19675
151.2301
143.47653
165.64172
175.27184
187.60695
166.66446
196.8218
205.83339
214.24019
179.88763
263.4014
226.49977
225.13617
240.50665
180.24667
203.84178
206.14217
187.58452
181.26402
190.55682
165.273
177.77165
183.59473
178.51645
181.596
184.51915
185.4836
252.26532
224.35886
187.75218
150.49307
181.37372
176.54498
184.53125
272.69247
269.25482
225.16968
238.76828
256.77957
207.05214
226.33746
226.80994
228.14867
266.59064
251.30775
217.025
185.44589
251.3633
233.23721
192.38908
235.83514
225.58418
246.7146
213.62196
151.7802
225.35274
256.6855
234.98112
235.97324
221.59012
254.05286
211.91795
239.0879
229.39906
254.88939
199.37088
256.68875
245.16205
228.32738
216.79073
228.4727
242.61107
247.49345
255.67336
224.45036
237.93355
227.80676
235.58116
216.91663
247.8802
204.16727
194.3861
230.6159
233.31499
201.98624
217.74615
221.84283
266.7646
219.99858
239.36392
241.33847
242.46107
252.80031
257.41147
266.3315
256.71146
233.03526
268.45255
248.31757
248.74376
242.16565
253.68333
251.18909
281.24622
230.52513
240.70168
260.27826
252.24696
270.57343
228.76158
268.0726
227.96883
246.00674
261.49823
250.66025
242.65295
188.04315
226.93512
202.87564
262.46375
239.06738
285.47104
217.25272
188.35654
244.86975
249.01062
255.73398
239.10399
210.39998
228.33907
215.63812
229.8221
221.54962
211.6977
215.46806
217.14014
177.81421
264.50906
220.4583
211.03918
193.07625
227.71786
263.22562
239.72191
245.77617
239.4529
230.36533
224.05151
236.17189
224.0134
225.16943
224.53412
230.43062
242.09752
259.42123
265.7239
271.68042
228.03874
210.44978
226.50827
249.84003
237.25363
226.36642
219.33435
199.82611
224.89589
227.16917
241.16975
222.21469
220.98798
244.64465
254.43777
169.5504
276.46802
231.99506
152.39293
239.84723
242.04549
253.29669
226.09608
259.10657
257.42313
237.72208
223.62485
248.08876
193.6301
234.6496
204.70808
251.3802
244.93268
252.87996
228.36534
245.11652
221.21007
204.67902
240.87428
198.82509
238.68054
268.53073
258.38223
232.35323
259.13315
245.86497
299.53015
292.47726
314.21744
290.38968
183.8487
220.07495
204.04091
183.25084
177.82767
211.48659
264.6194
175.68475
181.34825
220.48465
330.174
228.64748
168.32487
187.00395
186.1729
200.38257
107.65877
186.04987
138.95273
119.4609
223.69992
