172.66866
201.54805
206.19337
188.72179
195.52713
218.05263
219.78365
212.1202
233.19983
258.27362
235.93977
235.65038
204.03181
230.07283
201.17102
231.72868
240.38458
228.06339
267.10004
208.72357
230.49748
249.32698
177.54178
207.36319
244.05826
250.86804
229.3895
266.77405
235.91566
217.5186
203.45792
238.52089
244.70888
265.7024
246.43732
239.69675
248.90862
195.62172
211.91068
201.4709
187.8023
267.66425
242.62625
188.92921
229.07805
233.9659
197.66408
212.88786
204.92075
267.64484
283.1473
273.92325
240.99171
206.49338
222.69925
224.69104
231.46935
229.00406
223.49274
247.88934
238.74832
211.83011
249.31424
230.60083
219.73544
217.3616
226.71385
227.05455
172.76225
256.0151
190.81285
204.06224
215.7549
238.3661
210.85506
264.55453
229.76515
231.69899
203.93973
223.96951
256.0598
205.06126
217.6759
212.82059
226.65302
228.46263
188.82857
269.1072
233.02144
172.93747
207.29507
197.14192
171.38684
165.92493
244.87074
241.7041
200.77003
183.2743
225.31564
199.74338
199.47026
218.405
216.82634
199.99687
217.23515
208.78981
186.58412
182.88213
220.96313
214.63869
194.82515
239.9535
207.19153
195.16234
185.71095
194.19106
185.80136
185.57942
218.40114
217.72043
191.32559
200.63237
203.18257
194.18858
211.48503
238.5341
200.34076
264.24283
262.53378
213.35986
196.3031
196.11534
209.51553
247.91179
211.75691
240.78593
218.82417
204.606
169.94374
185.54744
194.17511
191.71823
202.08495
158.56508
194.54471
218.98201
209.6883
209.46275
217.1131
219.4105
195.1127
171.46162
226.29118
205.70279
205.51022
203.97581
191.55878
252.81288
244.58797
221.58226
260.83917
204.98384
251.74823
182.25706
222.20804
222.11972
188.70813
188.3695
156.63942
210.26927
208.804
218.7747
253.26039
197.64351
262.36514
184.1852
242.74623
230.15886
207.24721
197.13419
204.99586
199.15132
173.84778
203.02728
233.51587
235.76103
229.55725
211.71758
226.47275
208.7197
226.50642
238.88937
208.84798
229.52869
225.7853
219.22975
227.57861
242.22453
233.53574
236.62871
233.74469
232.74133
237.5104
248.53624
230.3071
209.77684
242.45622
228.31421
207.5548
238.57628
222.42337
223.18321
198.57022
231.59845
248.05444
229.57034
224.60411
330.93954
217.71457
225.36241
308.77115
279.56885
271.45987
331.77325
226.0784
224.24904
195.42093
197.64522
210.92049
233.31288
256.5684
237.42877
218.72621
232.49634
233.21529
229.17314
247.49287
196.43983
223.85223
213.64548
248.72134
227.23386
290.22247
264.878
196.14563
247.8536
253.56912
228.0785
224.28937
237.56706
226.44531
219.35725
211.47235
211.44568
240.70769
210.63702
208.90121
174.42986
157.4831
198.6151
270.67654
220.63737
226.11705
246.29337
226.37895
200.08607
255.1498
202.1509
211.11765
226.11118
198.86195
235.64261
228.8598
237.43996
219.58614
300.56543
254.69914
254.68037
286.47556
220.77844
280.41992
274.7701
262.63245
296.30325
303.28918
308.13315
297.16495
313.55478
337.07324
309.80557
280.56647
266.2309
282.48148
299.44275
298.68057
253.30246
288.468
324.69635
300.98004
269.44412
296.95728
263.7747
291.72495
298.6298
293.6577
306.69144
282.8214
296.57056
315.82355
291.535
281.28693
268.5422
300.04517
291.74548
277.863
234.45616
240.3467
348.71536
276.97235
299.85037
246.92549
252.0919
268.0382
281.3603
260.26303
274.43314
265.25455
250.44356
257.61597
232.49075
226.30928
220.66484
242.28311
239.48544
237.06668
276.6807
283.66238
260.67017
266.21048
271.1468
256.05862
251.35258
273.78378
325.25912
227.72272
266.38867
280.4543
242.95073
262.23828
308.33847
272.91232
232.24257
210.5666
257.33304
235.99689
253.16553
230.20445
234.61462
259.45267
240.71901
259.88437
233.01526
229.96844
233.9446
225.06471
241.50632
288.9308
269.30655
255.21033
293.84326
254.44888
285.877
288.33722
287.88626
269.42426
275.96594
251.60698
320.24893
285.92847
281.2557
243.61076
275.1526
263.58542
287.04593
250.73146
250.50545
243.46672
306.39978
286.2694
270.36176
230.09776
304.07275
265.9893
233.80205
253.93018
273.3809
221.35739
246.58022
248.08597
264.32867
242.2815
313.9976
361.60742
359.88223
291.99335
288.09915
275.23312
286.07004
300.1174
294.4032
309.5256
271.5557
271.64487
302.38342
315.42548
265.47964
279.09134
262.68906
290.34744
252.79752
289.1907
297.78174
264.34128
258.89648
305.51962
242.75665
296.00732
286.73523
289.20486
320.73077
294.197
296.21167
300.78195
300.52652
231.24371
239.56297
242.0777
230.95055
269.36517
280.26135
243.14198
233.3388
254.68404
237.57874
257.0847
286.34613
255.88167
283.87683
220.29837
252.87318
285.564
257.08862
229.28087
227.95908
252.16916
224.45938
263.5968
265.11426
295.005
216.10295
261.6606
304.9463
272.16562
277.00833
258.13412
272.43115
300.9208
281.27875
302.22122
237.9749
260.91174
258.64688
279.19366
283.24283
251.96135
299.9943
264.9212
261.726
270.61465
245.68683
267.84146
257.3251
264.38055
285.6902
289.93246
245.77806
289.3444
283.59317
212.18587
245.47029
297.5269
292.4022
232.0537
317.35922
284.82193
268.66562
287.59537
227.67418
212.91025
229.55812
273.78256
257.1211
307.75748
213.16235
235.30829
223.03296
270.48898
223.23041
258.96115
273.01352
277.49722
295.43204
304.44345
235.35994
273.7097
288.48508
253.19858
240.76529
254.17488
267.7974
277.9561
243.77849
270.18283
270.20346
259.0608
284.9567
252.57205
241.13136
260.0308
263.00156
293.55505
280.3714
244.35188
234.73888
236.5847
223.56111
236.70584
237.4965
226.70094
225.12566
257.59576
268.13785
230.59407
297.8668
301.43686
232.63452
300.356
225.99376
217.36882
235.34827
273.88422
232.92014
266.86697
247.17085
294.95047
327.79138
210.29431
256.13895
283.44824
295.00992
223.5094
238.96558
249.59465
245.29387
269.19757
223.85245
234.7496
289.1014
210.04184
254.5315
217.47702
263.0708
241.41525
301.99255
274.18524
239.60677
242.63306
226.73828
215.8339
230.4189
278.36017
255.49963
253.76591
245.92706
197.18187
208.20122
213.29662
262.3542
200.26556
207.58102
222.1154
246.89526
253.11508
222.84073
247.27272
234.04561
246.68547
260.49026
233.96223
244.21095
283.40417
235.6812
248.5842
247.9276
275.43704
270.9298
231.9544
249.55138
249.84087
245.68715
199.17229
215.21382
224.3168
197.27544
302.7313
191.69507
181.28264
203.74289
247.63487
258.50162
169.07263
273.4494
279.02295
263.1373
269.62866
282.00632
340.9371
281.34122
323.73053
321.2724
282.85217
262.96475
302.8033
302.39453
294.15942
252.58328
235.1986
263.755
259.3276
249.076
250.25534
299.30292
230.25813
230.64746
275.04156
237.93863
275.24768
290.35297
291.1821
279.96848
247.72502
250.7609
300.6736
237.5092
302.21835
262.54837
288.16013
249.03127
278.52216
222.45036
272.4037
265.95596
259.07745
217.88904
227.9927
268.61755
264.9028
224.38857
193.10759
242.36887
285.2584
278.9876
234.89723
276.7678
315.93942
293.6431
275.04214
238.57574
226.20493
271.61847
265.3856
245.17883
306.4118
252.11864
262.5851
245.44438
268.56482
261.02536
273.56375
240.15901
316.55667
273.28644
238.59238
200.43909
345.94916
308.49094
295.30847
277.61774
313.8771
276.2862
288.66785
288.76105
333.94608
309.72568
287.9825
235.68404
327.375
313.38574
316.77643
283.21457
219.94373
324.82516
233.86003
206.12234
269.90286
274.42075
327.529
274.98526
253.01796
274.19214
237.00623
211.31227
236.47296
292.07556
279.99475
271.44943
251.03773
283.6547
253.22223
255.33604
301.14355
278.59387
253.36125
292.73154
271.2797
311.12857
259.9952
277.48657
228.2395
282.05722
313.66318
300.2151
297.24075
226.69789
227.28499
224.0534
246.86539
258.06464
211.56665
247.23253
225.22385
216.76268
242.34296
243.09726
261.22772
197.65662
241.09732
246.5617
275.11655
254.21103
248.66507
249.98592
218.40363
235.16336
258.34732
273.4382
241.82576
234.70412
251.73557
333.40662
267.25375
245.39792
268.4151
296.85983
254.76518
265.56766
319.33755
265.1418
245.11952
241.46869
274.6101
258.9123
249.9086
298.29108
266.95752
285.55038
293.5383
244.34218
285.81393
242.0093
295.36426
314.20862
231.15019
266.0904
257.93448
239.53395
312.85968
211.32935
263.9206
204.34367
273.69025
229.84282
281.55695
303.7238
267.00122
328.16788
237.24683
224.36783
252.85399
269.3583
253.77962
230.74576
237.2372
278.51056
228.677
242.82162
272.63855
242.23582
213.41905
312.64648
262.73727
254.23923
256.0957
259.0767
249.39563
283.80164
296.87595
230.90694
243.82494
265.3876
240.31339
276.24066
296.77206
255.78682
288.2535
287.04495
310.80664
304.2256
326.88773
231.93057
228.07156
272.21835
258.46753
210.92354
252.26575
256.1428
253.894
194.65746
216.14607
243.24875
219.9652
254.41045
201.52217
244.47697
254.08054
252.97975
247.40823
265.727
263.9419
230.94579
266.91016
298.9207
253.03316
230.58884
284.92365
258.75235
244.64688
243.65965
285.98422
313.4677
247.80026
230.71622
252.53716
278.44095
209.21927
250.4406
236.68651
218.22916
288.90967
249.79807
300.76318
237.39818
244.29195
224.8878
203.19748
272.28268
275.33005
247.09222
238.23982
304.9467
253.64265
240.14505
222.79825
253.21283
230.9557
214.9352
274.64273
208.69696
213.6689
247.87544
197.18353
179.2208
199.52533
164.02101
211.5762
206.29259
215.65489
222.41328
185.7999
176.84734
203.60852
200.82082
233.10779
205.56697
237.10632
188.86893
176.04933
183.35513
227.01042
244.67119
178.09438
187.68364
192.04842
248.56604
221.3733
216.76956
222.69742
187.63942
224.8796
258.87552
212.97917
225.48004
244.7135
256.79486
210.75537
233.48305
220.2562
199.04666
207.3523
264.68167
259.23438
193.64084
227.32378
191.03522
216.48738
201.37329
265.3498
192.25455
210.60402
195.84663
232.77907
244.55478
220.13254
213.74696
216.46657
210.51196
232.77899
180.86232
234.531
246.28203
225.13493
188.8085
179.36195
202.46544
226.1129
176.30421
234.57574
265.08823
188.15689
181.31699
210.34956
199.93542
209.32658
219.22061
220.08836
209.91855
195.07683
202.5975
218.41628
240.87413
231.24911
177.01483
234.4356
242.44037
199.226
221.92075
220.62447
180.70432
217.99074
204.87149
212.11717
249.79076
251.89523
226.5112
192.81839
169.97473
189.08495
261.64807
228.11833
260.64575
258.00742
215.47046
254.16922
228.14308
212.73544
177.15814
182.6795
217.15315
227.4224
218.906
202.8858
215.99147
240.01521
227.4035
194.75566
245.3956
232.08221
225.34285
219.7954
223.31935
312.7114
219.6458
215.49937
252.83565
251.5782
249.43004
196.36488
220.9383
215.82574
244.8673
281.04694
270.73816
244.29358
227.18108
234.79185
241.47578
160.69225
232.54752
237.77747
243.338
210.96498
171.11612
236.52452
225.4767
246.30585
208.75743
220.7233
197.63304
184.75598
229.73116
233.41266
223.10985
196.96596
248.69118
213.83434
257.59778
240.8161
238.06284
225.15253
230.09442
240.99644
220.59116
254.08043
219.0697
233.13795
221.08557
220.35545
224.60544
178.36868
202.04492
196.73146
211.63153
211.27432
207.6116
202.5216
234.0697
191.66537
200.56488
184.28716
168.86452
241.94763
199.02496
200.57993
211.06055
209.70198
235.83235
234.07796
233.65993
241.62779
232.66531
269.91812
256.5256
228.9489
248.94818
236.86621
251.14017
287.8404
255.24916
266.35727
237.97844
271.28714
256.0673
204.21039
261.62766
240.49774
262.7477
291.07703
233.72467
249.0707
259.02612
268.39978
286.14966
238.17207
235.1822
234.97957
220.55887
317.67056
288.04498
312.68607
311.61285
215.29633
233.1336
354.70844
268.74377
283.18768
233.952
267.67758
225.9355
249.4216
305.51248
235.31938
289.0636
299.17673
252.59254
253.54279
254.37917
274.305
218.18892
237.67096
239.91916
243.99686
239.6975
185.92639
270.267
243.85992
308.96307
283.667
280.8326
276.7307
241.34969
239.28835
246.95251
264.9978
248.78036
263.21762
321.27762
264.6752
252.9989
241.36414
231.3265
222.7351
231.26772
259.9538
338.50327
294.42758
251.46658
300.84332
355.82388
244.52902
282.65054
256.79358
291.81946
223.78891
256.55634
286.22372
288.5468
289.59122
299.95792
238.58817
326.94275
311.82117
327.44498
264.49612
250.56203
281.99817
186.27899
226.98973
294.09793
280.67413
295.595
290.81616
226.92043
254.1621
257.27286
297.97125
255.03276
295.5181
262.88165
289.34778
297.25595
285.94876
281.08652
276.53696
252.84628
264.13217
232.79294
245.61429
214.22131
250.82394
294.15936
276.05072
281.88174
288.54538
278.2557
218.70201
266.7733
269.65738
208.10358
231.9472
279.4599
343.24377
255.03268
221.55418
255.31216
231.12283
342.02557
232.14642
274.6116
225.7004
273.9674
256.56238
234.97101
257.1637
261.13828
235.13411
275.1238
272.6699
255.07
252.938
260.17822
271.52393
295.83972
323.23993
276.52225
257.7205
266.83212
296.51392
261.9407
268.7549
250.93529
285.79642
276.64496
229.1661
244.5988
289.31494
273.77252
233.70836
263.72467
315.61526
261.8578
268.15524
253.85826
264.65732
263.03494
279.26303
299.75836
297.1213
264.09375
299.7807
233.21078
234.35776
256.8289
247.22122
238.58458
266.11276
238.65935
275.20374
253.63972
283.12283
253.15677
280.75214
253.16162
253.44197
251.31915
258.65863
262.49533
236.01761
236.47993
252.3166
266.8955
274.71472
300.5249
266.5811
279.68356
247.15091
251.71902
237.26295
229.51534
251.41322
235.05444
257.0858
239.54669
269.4141
272.50235
254.85138
203.36867
223.80196
197.50142
225.21167
245.44023
210.83441
219.82996
225.15431
251.96269
271.7891
215.17703
208.65604
219.97186
219.50964
245.55666
239.80293
239.48886
225.21498
220.12161
208.6387
246.4974
200.27158
209.67267
236.74196
237.96967
229.00471
248.33774
259.70438
223.13757
243.24644
255.0762
233.24695
211.09479
232.74742
241.01971
203.674
213.07224
245.00807
227.19484
243.9881
223.7886
250.06873
256.10907
207.88605
239.30014
242.35347
249.32169
258.58374
213.20442
184.95335
205.46843
233.52834
240.5561
262.38757
205.63574
220.33842
220.97296
211.9804
221.46446
200.9837
252.83833
251.03508
212.52083
208.71118
246.86652
205.50418
214.11166
229.5378
226.3274
242.70236
246.33978
229.49365
234.91905
244.14178
235.4173
233.58769
242.19565
212.98015
261.56686
187.01349
208.07054
222.25961
244.121
172.4056
201.84483
191.73717
199.56912
204.65881
175.55206
225.79826
179.91179
194.45201
193.9341
190.41805
208.54442
206.22984
176.48764
228.51566
204.46405
177.07768
179.5786
195.43468
179.70865
168.40352
194.36557
213.9977
191.8347
253.92676
205.23161
247.42572
186.44034
232.42569
221.99414
224.61865
163.88441
183.47871
233.59961
203.4916
204.7533
208.36569
214.03723
223.56584
189.56723
199.81543
204.29051
225.14314
244.64655
171.59178
192.10072
209.32076
240.09537
215.9255
237.61832
199.47638
228.23169
205.17691
201.37103
203.48143
192.37978
172.3661
205.41266
172.22665
239.42107
233.38744
201.6125
200.70119
205.42722
198.7718
184.47305
213.6208
212.5148
197.82613
205.6556
221.99109
239.0962
204.68044
216.47786
256.89313
220.7871
224.41235
198.65361
244.85283
236.15091
232.45784
210.98672
224.47482
230.19835
203.16342
178.22
216.00764
232.398
190.29582
208.39117
205.29626
217.53882
203.40318
234.97287
231.60883
276.3397
226.4792
206.39604
205.79637
186.75992
221.87903
203.946
212.10153
183.22353
204.52289
199.51144
228.72313
211.26608
204.13423
221.64337
225.51453
160.18163
176.5962
185.34834
165.61244
138.46606
178.96016
220.13086
270.49615
245.29434
208.81732
240.3559
225.7298
239.86412
204.06232
184.31367
219.0832
250.41383
217.32224
242.30522
245.31166
222.04451
231.69777
238.31783
259.16666
226.45601
211.17685
219.63435
201.52423
219.76108
164.25139
219.07579
153.68811
182.6845
218.49977
143.32605
251.83559
211.33864
163.25664
213.09213
191.12096
193.14029
141.87277
187.53093
186.88884
161.5884
183.43492
204.22829
208.90959
190.39896
196.4474
228.86278
196.24995
171.92923
225.56602
159.12726
155.3575
177.99524
219.9049
182.67686
206.45526
234.49597
250.50555
228.64069
242.58202
222.7595
231.70763
242.62842
239.03276
221.58195
215.633
206.64577
227.19313
206.48097
234.59982
228.37463
234.61363
245.92184
234.28935
247.39633
227.85805
214.11168
239.40916
214.98746
272.5687
249.44354
237.843
231.52563
247.46465
252.0759
203.61559
262.73373
282.9653
257.3206
250.14088
194.91408
251.04443
219.14314
232.64586
233.16035
239.99655
228.54976
241.02547
225.83632
211.66211
221.47778
247.52696
248.24135
248.85564
232.22603
216.7556
249.54051
261.68277
222.663
234.89441
215.86009
237.69792
222.90259
245.61081
195.05295
188.792
223.53195
216.36897
238.40276
194.6005
206.47664
249.10706
211.89737
214.01799
209.4479
252.27458
232.92554
201.40984
235.92531
238.9501
187.99529
198.79507
195.9776
214.6254
186.71074
222.66467
236.72958
250.60007
232.29465
232.39563
225.90341
253.53374
211.05824
245.91788
221.49922
206.54413
226.81165
227.74025
236.54738
210.94727
199.2873
247.28555
204.84378
221.89377
220.47026
217.28696
220.58409
196.17313
256.27795
242.78833
175.86546
183.23543
238.38173
225.55092
214.13954
225.01492
205.0254
195.03671
233.19084
243.02205
230.37384
229.854
264.0279
221.6825
230.4024
259.77945
212.19876
214.59833
237.72876
250.0534
214.11392
220.1422
243.29683
220.83022
245.22304
255.36133
215.9148
244.5666
228.9235
214.92033
218.91367
199.77536
209.01144
212.4627
209.36964
233.5556
261.1604
219.18019
208.86705
220.99002
230.11946
221.69408
243.90509
236.06567
243.23648
218.64568
211.88481
276.69965
190.95662
247.37996
244.15907
232.52296
234.1194
197.3511
224.60287
250.12282
201.82254
241.6809
220.67198
205.08583
198.62877
218.11932
221.827
220.10948
211.1572
196.46315
200.01057
217.13481
226.05064
234.77278
212.9415
186.50186
201.99394
211.51855
204.54968
241.56958
211.53635
175.78622
243.44182
252.13348
220.85722
237.34387
274.51266
247.94846
208.57545
210.55104
228.92822
223.96162
211.40483
215.01744
183.47543
198.30055
196.57324
197.36377
204.00142
185.02353
206.74818
187.77682
173.3881
189.57903
210.72676
162.48624
187.86143
171.78825
238.73413
204.63403
203.1006
199.12045
185.98755
214.95415
188.45998
231.93388
186.63216
199.58943
223.5285
188.7453
176.32257
264.25754
213.69798
215.3182
225.83537
202.1884
191.07248
223.17543
207.77135
145.92426
226.47285
216.85712
224.24754
202.57329
222.98695
201.79262
208.22179
161.398
177.79533
165.03888
190.63391
179.68063
183.1047
191.47922
196.21924
225.85791
182.83173
182.64822
188.57101
209.25204
176.22743
207.04114
172.42961
178.815
168.98065
235.84425
189.36475
221.15686
196.51875
221.98065
214.56035
207.40749
228.57253
203.47084
220.32895
195.61586
207.51242
214.89696
205.6039
210.73712
175.40335
205.56267
198.4078
218.39091
209.4333
212.32317
193.16705
171.18294
171.78429
203.98816
181.57025
221.41658
184.08981
193.47789
193.96594
204.93321
182.5769
198.16838
190.94563
187.85104
178.11345
213.35745
161.56749
224.84305
193.49707
222.44376
176.1417
177.70529
152.57346
178.4047
218.38031
215.01268
202.87175
184.54668
184.38954
184.10587
168.43134
183.39282
184.5468
166.01057
211.12636
175.04036
193.33699
163.05215
217.20732
165.27267
215.2468
210.2746
190.57974
192.98622
182.16138
177.09932
182.01608
205.4691
181.44637
179.08636
191.74648
184.58046
173.51408
180.21217
190.42572
197.29153
189.57616
167.01608
194.14624
184.47926
236.01123
192.46324
172.33905
215.28741
180.68141
211.71086
188.95895
186.70486
198.8875
205.39719
224.11673
210.89124
194.7976
195.1788
196.44011
186.05028
184.72813
195.94699
169.35776
200.76878
192.31396
183.28767
197.34592
206.27267
173.22002
190.84128
204.92546
194.67888
203.64923
182.9864
209.6203
199.62762
192.3231
196.33092
204.5888
189.59328
215.02267
189.20314
178.64012
214.93523
188.05083
209.49725
209.74016
216.28989
216.4592
227.72758
190.06407
193.75047
196.4484
192.70042
174.77681
214.58481
199.10481
214.56209
262.04874
212.23636
188.51805
191.13359
153.63107
191.90814
175.67624
138.6333
211.54301
217.43575
175.42667
177.05302
209.67206
188.51643
230.55052
181.68787
203.8568
184.91046
220.4212
156.31445
202.43202
230.12701
218.07195
205.1063
177.82909
194.08394
213.52461
171.73578
194.33795
203.1772
194.42624
222.4745
188.38127
188.81973
199.27895
205.44406
185.25644
195.97885
203.10915
170.33429
212.51802
209.48651
188.28975
170.60696
175.71024
182.48863
181.94336
188.62294
203.08815
237.44016
218.09209
193.46013
179.0951
190.80687
180.387
180.03967
178.2069
180.93436
172.16934
185.31265
183.45445
143.43024
199.59962
185.91673
175.28972
171.79341
195.09511
199.14789
175.23738
195.32841
202.16394
175.89243
228.18735
201.83733
183.64024
205.90675
195.4038
156.89781
200.86345
172.46893
162.57555
183.80275
191.73997
207.39671
229.65019
206.32333
186.73486
127.617905
156.98932
177.9929
164.77318
163.50713
187.3222
166.9713
189.74667
196.863
156.56435
188.33723
165.84444
202.17596
191.5082
165.7578
216.3061
132.42514
182.44603
173.37747
169.7908
229.77226
178.9851
203.95341
184.21053
207.15358
186.32637
251.24428
186.97925
161.51587
130.10544
156.52948
156.49712
219.60841
149.80551
201.40508
177.6836
135.76286
154.0287
155.26863
144.38853
176.97928
174.94391
154.2788
143.45792
175.39095
136.95999
191.2182
168.2654
148.41977
177.66628
177.17415
181.39326
202.0858
178.33028
161.73909
205.03368
219.16931
184.4024
171.60614
192.97368
214.7383
181.26335
210.95299
215.704
195.1071
169.33769
182.9404
234.82327
194.00224
202.11446
222.43306
208.00552
224.33043
188.42401
199.6888
242.2275
235.09525
169.333
233.73317
229.62897
153.00214
197.7088
159.74309
177.67249
177.9269
175.34547
243.7822
238.03088
260.62418
225.3438
229.42981
221.93182
247.10178
248.70158
260.6241
248.98294
247.47772
255.53244
241.58696
206.55074
194.55603
212.47502
205.79665
211.99359
207.40414
192.40839
200.85883
216.55534
207.09181
184.05313
223.60173
211.25714
172.00722
179.80688
210.2914
188.73724
171.62367
196.70961
227.26897
212.7692
207.41473
216.9308
226.31212
223.79424
213.24022
213.96335
230.61902
237.29576
216.99776
235.06978
233.83318
230.58151
263.4971
224.68509
231.38339
289.10043
231.7819
255.5101
210.71454
230.85957
264.7492
247.49411
212.27957
251.54385
255.18256
270.53937
240.92386
231.02916
336.69745
238.06696
227.64961
261.13336
265.049
268.4323
281.8876
253.0115
277.0328
249.32114
240.30925
237.50842
297.1393
239.63802
292.91333
266.50366
262.11124
233.47612
259.09
251.05545
210.71992
247.70186
226.70593
241.66544
244.37129
251.46593
274.3566
236.0186
229.98859
206.64847
194.78313
189.49232
181.95526
272.15353
220.0683
207.5839
197.57523
230.77528
220.72453
249.62851
241.02591
246.70522
224.92665
219.56764
177.5016
188.07715
216.87376
219.69151
217.20323
233.43567
231.63518
224.21457
223.00331
206.14801
209.054
198.14275
249.18468
231.25146
250.96902
239.34903
246.61311
296.5976
266.61676
224.60194
227.68535
233.81285
254.8842
270.82364
260.43936
252.09946
247.69461
270.54126
242.12558
229.47346
236.02855
218.32352
241.1854
212.32646
200.33867
212.24776
181.08461
200.0465
221.77126
161.98953
210.48341
227.42839
206.91908
183.17816
218.57068
242.65631
215.20583
214.81963
223.37378
227.97647
206.94351
224.41443
215.54831
227.81125
247.86816
235.95844
231.71121
218.4798
224.01189
217.9466
255.67313
254.18327
258.55804
231.59532
227.75578
255.66139
254.68353
229.45238
242.89172
267.78397
236.61446
225.10117
231.14355
265.77017
256.0306
248.68005
243.71327
197.99971
192.47795
211.96072
188.21217
238.52507
232.39766
232.6865
248.19212
222.00769
224.7436
246.97414
249.427
247.59062
199.28653
239.69772
234.90514
259.15186
223.27628
229.46431
251.78696
259.53268
229.37209
236.50429
248.95724
281.4936
232.31664
244.71095
230.80763
240.9362
231.81494
255.19008
283.67102
235.18161
220.44405
195.82469
201.38664
224.16232
203.95421
235.4112
225.80902
257.21
221.16429
249.09554
241.63246
223.44417
220.87207
239.52264
244.45113
236.39139
247.22162
222.17723
226.2589
221.91724
222.21573
230.85376
227.0977
216.15515
214.7285
221.85497
229.0728
251.14478
242.01389
243.73431
237.90166
217.78255
270.39157
231.9621
207.52644
272.78503
254.06715
260.12286
255.17436
248.49084
224.06772
239.71202
245.201
228.89859
211.59578
207.56642
248.90279
204.8416
213.1726
273.49158
210.65034
218.96632
255.31094
243.6898
217.78119
251.42706
244.47638
184.60318
202.12442
181.53294
249.04596
213.95978
231.6372
191.87811
182.37747
236.66344
241.22614
242.63808
206.06157
219.25993
241.16518
252.92732
234.77008
259.47092
240.4154
246.39984
247.55399
232.22813
250.64862
235.29335
245.08156
228.2635
249.29695
223.80907
201.83438
205.95418
204.82088
192.97238
194.30132
213.62671
216.12878
239.64711
199.73901
244.68205
211.01678
220.43246
193.83684
206.09703
203.89178
181.10031
210.04228
237.48795
215.16483
205.45872
203.31862
225.13002
232.33652
233.5215
207.85106
216.524
198.89934
205.48804
211.37688
225.01622
209.77388
224.19295
220.826
204.01753
198.4108
219.66212
203.64975
199.8042
254.29214
197.86395
173.76517
236.53395
203.2153
191.02913
172.74477
187.51485
236.82213
220.67046
188.10728
228.7788
196.0817
147.05922
202.0493
250.52155
218.88338
213.32454
174.0083
155.65134
180.88408
210.59695
201.61655
187.6461
242.42877
271.61783
197.69615
186.08176
166.31943
181.09067
210.15022
242.65169
200.17789
218.31563
193.05652
240.952
199.88858
194.70074
185.67905
190.96863
198.79785
157.90417
209.18967
173.09618
163.75658
168.28555
192.85765
189.75565
210.90579
217.46458
187.34709
219.93759
213.8788
194.26503
222.74411
219.51772
118.35491
176.60513
167.74432
167.40758
201.10947
153.31967
197.29178
272.9768
203.88615
189.284
198.39392
213.75156
201.07768
211.30115
202.71739
179.42218
174.52168
204.09763
197.37328
180.41188
217.49411
191.16055
182.86148
170.91423
244.98798
213.96266
195.77649
177.49806
186.69514
244.8327
222.66248
223.06723
199.0274
153.03976
210.87468
203.01247
191.86394
197.57005
216.76633
184.85542
191.53018
185.91145
213.72604
231.5116
195.5625
206.96117
230.1372
222.65074
183.84448
234.78554
198.03615
189.8279
183.26152
212.36145
252.3464
207.24951
166.7374
205.21832
177.10155
220.75789
202.06813
209.11557
205.10634
178.05229
197.67047
201.30832
218.98827
240.39551
190.89919
208.6031
231.53658
185.11032
224.72939
194.25073
178.15038
210.70367
210.51762
235.16446
205.4008
201.626
205.45018
189.3886
224.94398
155.26796
157.53143
190.09244
169.94977
183.78029
231.32626
211.99678
233.1098
216.20047
239.86067
266.26028
247.36931
194.17757
196.79558
221.48494
195.4006
196.93413
202.81511
185.25798
161.52934
237.28346
198.70296
192.52425
223.0544
207.16518
177.11739
210.37633
218.9558
180.5882
229.51776
221.95988
221.40288
214.07104
166.60095
212.17087
198.02518
182.12651
210.6068
183.90215
236.21127
201.17487
191.01096
190.57256
199.06917
273.54648
236.71744
205.85014
198.6288
213.88274
193.65767
235.64166
244.52618
243.85732
220.96225
234.56314
225.48369
215.23299
199.71756
223.1987
205.57953
213.04367
197.03235
205.61761
193.89265
221.23375
218.81514
245.20956
213.07808
206.55884
201.79924
196.49838
171.87257
186.90717
238.32542
223.14594
249.16476
207.67563
250.9845
214.01474
196.22272
169.32016
201.07814
199.953
225.44917
206.15704
205.2105
223.67096
168.75002
228.91481
209.12157
228.9852
200.39839
194.99911
221.71799
274.745
189.45547
231.98589
181.74342
222.23
212.49432
196.38965
229.20262
175.87288
182.34476
185.4042
239.85268
205.90976
247.81256
200.36082
216.38997
183.49539
208.81102
204.05423
217.95656
201.45047
249.6653
195.91597
189.86652
207.92577
203.48114
183.49762
204.16008
207.36821
176.9542
201.78366
183.86502
210.1351
176.39851
171.30809
200.62141
205.41429
205.62465
236.16905
188.68904
243.70734
192.94331
219.63127
173.39313
194.97745
191.1753
208.31992
226.15012
224.62108
200.7969
192.19002
207.69962
166.71869
195.8487
196.85367
193.21895
217.37022
212.0517
217.46628
243.0284
199.86209
219.65605
186.32652
223.187
254.15598
189.58286
193.51332
199.84756
217.96416
220.63977
184.74341
206.98933
213.86272
217.9257
218.2475
242.35796
259.08038
199.27864
182.93164
231.57463
235.55106
186.63943
201.59998
174.29051
205.199
223.0578
248.87064
194.14838
207.45155
217.2013
183.73895
207.24207
213.13931
224.02444
209.1901
219.90007
206.75587
194.56398
225.83832
203.38203
194.64468
202.68776
235.0195
228.37668
225.86273
221.22337
234.67874
231.60213
196.22086
216.49596
158.36342
222.77165
223.45343
169.65933
243.06116
218.56447
178.88055
196.44295
214.47108
210.82732
239.77426
224.45491
253.62834
249.50269
180.49463
240.88464
220.0242
207.59732
241.22104
218.78204
231.5575
221.16248
221.34627
211.26242
239.26689
234.36449
198.40233
209.25511
246.83318
196.74109
248.71474
247.06714
233.97133
205.50696
187.74838
234.95549
216.57535
213.20927
232.24954
204.45554
197.01784
235.86946
238.40926
210.64795
209.56987
238.41841
230.16162
223.89633
189.58978
219.03195
263.48615
230.65092
257.37076
208.4505
226.00716
257.07864
224.7217
237.47708
251.34947
249.23499
231.76083
197.47963
212.2476
208.38258
220.7015
226.24403
230.25479
198.06827
198.97626
240.86124
186.48282
226.45683
245.44887
227.65578
199.28925
198.96893
206.06563
190.80829
198.13266
210.2609
221.9086
212.39476
216.52765
175.78923
235.94086
248.70462
224.41606
220.73398
234.41016
258.94885
202.4544
180.87624
239.6084
187.32854
243.8917
204.32767
190.19412
210.56235
248.2179
230.90564
312.60272
174.6688
254.78244
195.71649
184.3594
252.64462
214.93785
225.23715
215.70897
229.4825
224.23322
191.77147
225.67368
196.49643
191.0856
248.05423
219.49614
276.74887
176.72786
288.25772
177.3577
222.39006
192.97202
212.39122
195.01775
250.2207
285.72726
184.92355
244.26831
225.59894
230.71255
217.9945
306.95975
197.04555
269.20544
255.15666
154.5983
194.1332
191.83778
210.13597
223.25291
211.44623
164.91797
191.8793
184.81665
257.30313
237.41151
270.8556
214.05545
211.18256
181.76558
218.58325
255.71764
211.15488
235.09364
237.57448
189.48819
263.01965
199.01457
212.4738
230.09314
231.93217
243.05609
189.00104
214.84462
234.27434
234.29358
231.55626
216.58702
214.57353
207.71568
176.77034
204.73436
210.93509
230.88362
222.94476
226.67097
183.52441
212.81001
191.8218
246.9021
239.31268
226.50859
217.529
236.60353
254.42639
226.54315
207.9667
231.42397
271.08597
203.21884
213.8787
207.2283
220.77579
238.93692
203.88133
204.38705
245.3062
290.9446
353.72827
206.9163
211.36378
246.54012
280.79626
203.22421
242.48392
238.73337
185.32986
241.56232
227.31818
242.14284
260.12357
207.42094
226.24933
236.37048
268.89566
224.19334
247.62483
202.63298
232.38152
190.82933
244.58778
172.2027
192.21686
224.54973
199.72075
223.77365
280.90338
201.67502
229.3494
219.64917
249.7652
236.58115
286.83395
289.76443
266.6634
303.1808
246.05774
213.81918
248.62605
263.29837
259.6466
213.54854
251.46457
229.51988
239.6694
260.50168
232.93242
228.61212
269.17123
223.91348
224.05167
190.33612
203.26425
267.38794
231.66124
264.8386
189.60703
271.83582
240.27548
225.55923
255.00467
285.87894
232.27794
218.7885
250.79411
257.95755
248.2421
276.8009
232.74619
237.86766
243.47461
251.35329
221.32613
224.83788
204.34824
205.66544
221.3291
242.38664
240.20287
184.85904
192.32196
225.63144
208.07954
204.16122
253.91418
188.52853
241.32431
294.77823
223.45726
286.32376
197.82535
234.88962
251.13577
208.49203
242.00893
220.30493
245.34663
234.60158
195.25879
240.29065
241.72147
245.5454
258.69363
227.0644
289.98294
242.28899
221.25018
186.29424
233.52188
221.80298
183.30453
222.76573
256.27786
176.88605
266.83472
293.07306
248.34006
242.06232
223.99094
260.22662
158.17506
241.43706
273.6698
260.4659
185.27373
202.84625
227.7328
232.19788
267.5277
249.45454
220.34044
245.15726
240.19962
201.47586
214.86896
224.94527
205.1993
210.93604
241.43602
203.95012
239.1827
217.16635
224.13423
192.54924
210.40807
253.12392
226.98685
203.11887
257.71356
211.84218
209.33546
205.58806
241.87822
233.43477
241.50626
192.89226
188.03938
220.27155
266.45245
245.68958
259.065
261.7627
208.93152
226.14993
252.7777
263.21426
209.04408
231.33728
249.21335
255.2737
217.66534
200.501
206.72386
254.02861
186.81024
191.66145
204.70259
215.47736
238.83714
250.72336
213.21237
228.25987
232.79507
222.83995
197.45514
270.48227
210.7307
221.15215
212.6628
246.79066
222.12648
168.35532
232.25294
218.58272
201.30132
249.98073
214.20645
200.8849
232.3015
185.74352
219.11465
211.42876
205.21996
184.03392
215.58841
232.36797
202.09985
226.64604
223.87169
233.42302
219.04301
250.47511
235.8436
230.1484
199.28922
293.28433
242.3431
197.59836
208.8735
254.71126
236.93123
306.21518
235.57811
261.84747
204.39398
245.01334
227.41035
214.54967
228.63019
216.69836
205.92744
207.9544
186.4013
203.41931
201.15361
221.36151
209.79318
203.3131
219.80733
261.18375
214.98093
175.8429
211.11192
206.79936
220.02606
226.93137
235.69354
186.69836
230.81163
233.74733
245.3252
236.15344
240.86461
252.0788
202.70476
212.49588
280.67902
243.50398
212.15515
223.03343
258.4385
240.48068
246.42337
211.99286
230.57457
221.47296
257.79538
231.14702
195.19243
235.35649
213.72075
192.64919
236.93835
212.73561
214.23593
255.64676
256.5458
244.26074
171.05989
230.35596
239.32515
207.51498
218.43158
183.2546
201.34856
194.86005
193.18721
231.83777
172.24754
219.79996
214.09625
226.44768
201.12411
205.79036
214.40828
197.02283
272.0957
260.94815
198.7841
202.97281
235.63602
224.73643
199.16185
208.29346
187.34492
230.79837
187.70882
255.29645
222.92926
223.54175
206.64233
222.43814
236.21289
240.06114
194.55342
217.70259
281.42917
220.53336
212.38911
224.35942
223.58647
202.81717
231.3541
211.54202
202.28192
216.92809
293.99512
246.77144
222.29265
215.1438
197.02652
188.923
268.13184
320.96838
228.07698
196.75282
213.02267
244.97394
220.97478
222.81067
264.69147
197.53581
248.14139
170.0075
184.38217
162.17459
209.51321
226.67117
178.7806
174.63026
206.52646
220.58731
196.01999
182.93623
182.20149
200.4272
239.58914
183.58861
220.72922
194.66025
247.06291
231.29507
280.3565
239.798
242.36987
207.03075
239.53864
213.26346
249.94138
236.46648
205.8733
236.85008
245.45728
217.44582
225.85797
232.93675
209.30339
233.78738
208.11693
225.90273
216.92284
238.17848
206.44943
157.27359
181.86732
203.08939
203.96468
223.40161
267.98575
249.24861
145.08598
215.17476
239.9058
300.4003
298.17114
201.37683
252.18471
185.1882
229.53827
278.74817
256.7554
244.42973
190.24602
238.4431
192.25014
197.20116
231.82869
299.4215
214.32216
172.55888
204.79211
255.92442
230.39352
231.91763
220.77322
210.05838
207.66617
228.78537
220.6704
213.11752
237.63634
218.52135
205.45999
243.18352
232.07228
251.44408
248.20209
175.4411
214.02386
253.91257
195.80576
256.031
214.87775
218.76302
215.12614
168.04446
238.11296
243.84135
229.90227
212.82724
203.10495
185.49419
228.2043
191.38374
227.06198
259.935
272.6247
226.42107
244.85461
197.28305
225.47018
234.40465
259.7044
230.64957
226.61304
248.57341
231.42636
203.85805
220.36343
211.11874
220.5304
238.89557
221.55278
247.20688
238.93213
243.7789
212.80145
208.78781
245.98653
198.02347
232.39201
260.11832
213.7975
243.61362
230.36615
265.0057
234.39459
260.14493
194.79767
228.04488
187.99094
220.11958
241.66899
211.60315
255.12906
268.57562
244.11961
238.5775
211.80334
292.15674
228.74477
265.24036
247.83362
197.94852
222.99193
274.98434
248.9307
243.67729
245.97069
242.19917
223.02039
269.30942
173.28761
228.74567
216.90094
251.55754
236.64636
213.5412
256.02722
190.90701
213.94337
245.66501
234.12238
310.03882
230.20277
227.26796
257.9833
216.87373
268.99173
205.63171
245.27249
221.07832
185.80452
215.77217
229.87585
280.78033
233.26372
198.3538
233.8531
214.7601
219.67332
230.7962
214.47708
259.2998
245.06273
214.10626
173.85442
237.85876
255.85503
238.69702
247.75105
211.70834
194.60716
237.65105
260.885
220.99635
203.3233
237.58008
203.43507
189.63446
234.66849
220.11092
182.78955
212.26938
227.7452
269.1264
221.32101
225.3224
204.69943
236.00497
283.59775
231.58534
253.59186
247.64597
235.5645
251.32233
243.7235
201.94148
214.17229
209.3865
215.00238
230.01111
216.0951
245.34601
198.82408
249.15912
214.26645
217.89302
190.19406
183.8448
223.54271
221.66026
232.36177
244.13187
207.11061
232.89394
237.66855
245.37773
193.9259
270.70218
201.90973
168.35385
246.84947
233.83665
224.4253
169.46889
235.37682
176.5425
208.40417
222.25542
223.42351
222.65569
237.2647
163.79803
217.15207
243.1544
248.93082
198.9087
262.75623
218.40137
175.28528
213.0632
175.32878
216.11763
212.90923
188.82628
267.92117
165.86565
250.05768
157.31897
188.92514
177.06903
207.9336
203.33029
208.22687
236.99657
259.2155
219.67209
197.57439
226.67256
241.2051
192.32584
233.00037
217.91302
181.89015
242.67401
173.63495
184.98949
227.03458
218.84732
270.6665
211.19853
206.797
225.92224
225.55096
248.30026
230.00005
209.6456
159.35547
224.14058
255.4489
254.51752
240.17981
203.29099
231.13055
265.4261
248.78255
178.7051
207.36421
201.06155
191.66982
293.024
215.86868
254.5916
176.1153
191.93756
266.54974
265.05643
219.23244
227.10628
236.65173
195.18062
225.98915
191.38837
222.9708
211.19594
253.43697
213.48288
203.61539
189.14616
247.53111
238.40831
202.13733
196.71797
174.5432
224.6311
197.92038
245.60806
260.10965
251.237
253.91771
197.7721
215.40338
196.35721
190.8836
221.74646
182.03528
197.3101
251.70229
218.36703
216.7514
228.06552
225.8021
168.60526
204.67108
175.44763
259.46625
204.58391
222.957
242.78712
166.75188
205.74112
211.82222
158.94354
176.83752
202.79153
254.82915
198.57881
180.29823
163.87595
227.76875
231.24089
228.27606
239.71738
260.54385
302.3933
226.4563
285.58188
205.32433
265.09262
242.16168
233.85707
235.23729
231.51562
230.39914
263.75534
204.32686
198.03773
270.07242
246.2852
265.92975
209.78558
219.93518
233.29883
231.89716
260.57367
244.10342
253.11812
209.97752
257.59595
306.56253
250.69067
246.66948
290.40698
252.67705
264.20258
282.55566
225.43675
212.54315
246.968
249.0473
270.17056
234.82481
256.64062
303.40536
223.81628
255.38637
253.04076
307.63898
240.02115
200.9365
214.86832
248.38211
189.94292
282.27087
253.71384
205.74133
196.20465
228.16313
196.10313
268.5773
234.11159
250.5764
242.92262
270.5863
217.1853
230.3396
211.06017
251.97305
260.08105
233.14644
177.75394
222.8701
226.20078
254.91096
222.52028
245.31784
247.62935
248.92374
251.28821
242.1412
246.83691
282.51663
184.95854
170.08678
222.00499
193.61577
266.94174
229.32063
241.82411
262.83737
218.35623
256.0136
260.749
217.56844
198.44295
227.60458
218.08606
266.57187
241.9631
248.19693
207.09203
213.42839
219.5425
204.20366
170.18985
257.0817
186.33365
202.75772
192.36127
220.56496
237.41803
235.25713
197.19514
248.82207
278.9477
193.27008
286.5745
242.40306
208.02794
245.47778
208.69029
215.59175
224.25957
191.76523
235.66415
224.07077
201.86366
265.42078
215.48285
216.62439
216.30339
216.95805
225.59787
270.1954
235.2742
233.84383
242.54439
214.35757
251.02428
224.07536
208.64006
137.7552
188.473
159.72734
279.25095
230.53462
213.86862
259.4684
226.87865
203.88448
192.60072
235.84758
242.99576
195.10985
185.07442
230.38377
272.12662
208.80672
264.84683
202.14192
224.26135
203.11938
202.94316
230.77156
219.05275
232.61755
279.7486
160.47311
218.5736
225.55353
275.68262
206.0994
272.07602
229.1295
251.645
200.27682
185.11472
258.0913
178.68275
208.04237
191.3838
244.59187
200.66927
216.23311
221.62653
174.5208
241.5864
215.24466
237.82524
220.84381
176.63156
258.77063
181.53053
217.02489
249.73282
224.94557
269.41455
252.31749
214.40962
225.536
209.83727
243.0601
219.11813
215.10736
255.07448
216.45454
223.2431
203.18805
297.16617
239.1485
217.8525
233.48648
226.86684
246.64911
243.63052
244.0008
205.59915
253.63373
212.41895
220.11746
249.01338
214.2587
221.2577
276.3207
236.50963
261.10284
201.83186
236.86223
200.39348
245.03108
182.66798
209.56078
197.59575
190.54066
200.70317
184.91252
232.8323
270.1035
232.83162
257.3108
215.15962
250.3342
245.60507
177.95207
227.23766
252.17264
188.08249
222.70338
224.12314
234.41959
227.3376
255.36674
232.07056
301.71628
215.7837
241.54463
260.40137
242.74646
212.76855
248.84229
258.9072
218.58365
185.3927
200.71333
234.44395
240.1477
236.25656
261.83276
239.02846
229.70595
232.93385
234.88048
203.99112
200.14005
248.99341
211.1406
217.07559
179.27519
216.99258
190.2122
238.574
232.94965
252.99873
223.42863
209.56602
199.88649
189.41422
244.25299
225.89635
202.00873
182.36325
191.75877
238.94833
225.64243
224.15825
254.7331
215.12617
215.76117
217.49387
235.38423
239.58221
182.53043
276.33768
254.51826
270.97034
241.11298
225.08481
215.22261
211.09204
235.42204
204.43
215.5556
213.02805
218.15726
218.63805
205.96373
226.69572
202.31343
171.58331
199.00264
207.01584
222.86783
302.54028
240.0137
208.13219
195.64046
174.6407
268.07605
250.41576
258.6812
177.58786
258.56238
227.89307
241.97943
243.37666
238.24963
190.72539
248.72272
289.61487
199.0854
210.9058
217.94206
200.53998
213.96881
213.82434
246.2591
269.42062
227.62148
248.17867
209.47026
231.6831
247.53029
194.72115
196.32921
229.95567
214.2337
235.64612
248.71645
203.7968
231.86931
229.3445
220.14188
249.9631
256.67807
243.11723
214.20433
241.79034
263.48694
219.70924
214.67094
225.82858
214.97603
213.88356
245.92447
269.91373
206.10335
188.35623
212.07605
280.07214
189.97527
205.75514
182.07416
270.69547
270.1029
239.67155
219.04387
236.34961
265.18045
222.37343
189.59384
243.33688
227.80861
204.48532
195.77145
247.41212
249.79556
231.09773
253.89958
246.35728
291.61365
239.30005
258.87396
261.42535
241.71396
219.5334
193.52156
224.71083
176.41501
192.38162
248.59218
223.19324
169.16682
261.62183
244.47652
232.42218
248.9682
268.09564
255.88951
196.21616
243.90013
233.98514
266.32205
238.12852
220.1866
261.96274
230.29851
224.95145
233.09683
239.88748
202.04576
209.6912
218.49199
210.21477
221.88802
229.88971
274.8484
200.98726
247.94606
222.57835
224.34163
212.44243
222.09518
211.5508
190.74368
193.67041
233.89919
185.60722
270.26584
203.58453
204.87915
238.57097
232.84328
251.80095
216.62479
213.7445
260.72635
258.2378
224.75621
264.7686
257.67612
258.79385
234.97693
273.40814
231.63637
280.23218
258.27383
217.3145
202.02963
252.66788
241.49017
223.41553
263.16257
258.96606
233.03262
245.28825
261.68387
257.65967
277.01016
241.7925
216.22023
223.89905
269.74612
232.72975
235.39508
191.95468
239.897
260.5587
238.45831
209.7265
202.90564
183.89935
236.65228
214.09573
250.21625
270.68137
197.08685
241.53043
145.61966
226.46935
192.97406
172.8243
222.83846
212.49284
206.60678
203.31842
219.05617
234.58739
221.79413
201.42157
241.04037
227.7474
221.00005
211.52971
209.57564
234.88516
247.90321
223.77094
239.41124
204.40324
196.91176
204.51683
233.58076
235.68216
208.32774
212.38576
247.54239
198.53687
206.34587
250.18332
224.12497
201.22618
213.74936
196.28415
244.73615
188.77939
232.04262
302.71472
203.39879
262.45154
190.57683
253.51462
224.00272
270.55563
161.38748
231.84566
188.80745
179.41364
218.89046
256.23193
213.82578
228.37654
210.66649
252.0424
217.91812
244.54688
236.0847
287.70044
220.32045
245.79904
279.12482
248.42429
213.02036
252.41267
305.07544
216.37476
235.88391
228.31233
215.84924
196.8326
241.0486
219.11165
238.0414
227.3639
196.1622
219.38057
231.03922
227.73665
220.74762
266.35626
245.11906
211.54262
213.88101
285.57822
260.09973
234.31699
223.27107
243.36908
191.35658
217.58282
213.49036
207.70903
221.53656
196.81299
317.4778
211.6935
242.22543
181.64539
233.46909
222.56152
242.9037
234.7283
274.42276
247.21623
213.50955
244.77821
207.57356
249.28073
263.48596
229.56917
219.98123
226.24883
260.8798
253.69092
239.22269
254.93451
240.74257
216.78482
191.20358
235.09465
214.24959
257.4928
283.666
324.02884
202.26662
284.22183
280.05533
208.00175
218.88129
273.39795
273.38495
268.6137
211.78625
227.37558
202.68987
228.07784
229.1759
207.68285
252.13344
240.9587
234.30598
195.08206
241.44762
261.67972
273.96686
252.20381
222.96251
330.26343
222.23676
245.20914
242.39246
180.77785
208.63187
261.1022
228.68877
215.49304
267.8626
247.75717
213.97609
228.77248
252.1119
214.41281
237.36316
236.41455
264.93646
208.13141
222.71115
209.40007
245.74493
198.77301
205.75325
218.46184
259.539
234.16121
244.53824
259.75598
227.64397
217.2052
191.05983
210.84418
187.63095
242.66988
263.66025
273.04272
254.30081
252.14822
261.03677
164.13626
195.40445
203.2624
210.35284
189.4727
167.76123
208.07588
233.93677
211.34763
265.3993
221.4795
220.35011
240.92441
235.41037
202.38446
242.97502
207.09442
274.12238
217.25482
249.69022
222.30275
264.4145
226.37527
252.7758
211.8673
236.69827
219.99695
264.7409
236.62187
252.43013
196.0135
244.0022
239.33878
184.79642
195.96957
235.62204
212.61424
249.6045
238.35036
261.65173
190.6386
221.03708
189.74274
220.56981
171.26262
236.84267
233.94429
226.91165
240.83789
185.71559
213.05914
227.77391
206.84212
205.76231
209.2878
262.57263
251.24715
175.58647
186.10884
238.71268
250.5674
257.51666
227.64586
227.643
222.62756
208.87416
250.56792
187.5286
205.21124
188.18784
243.37083
230.35191
208.23553
256.92117
262.13098
204.23413
203.2953
222.9583
227.0743
191.93456
260.0713
217.5991
221.3904
234.37227
232.78036
231.72626
221.68338
216.72247
237.46408
212.95154
257.89377
208.4896
218.87794
214.71935
242.50026
208.96648
207.89203
263.9819
272.6303
297.8176
243.71225
244.79852
254.8746
258.50085
286.27988
289.18362
268.73517
244.93355
205.29388
214.73198
215.7095
190.55
268.44702
197.3809
182.95744
176.80803
229.95741
206.80884
235.67235
207.08594
222.39969
195.3816
237.31203
257.0199
195.32568
200.32533
231.34882
141.44574
212.42511
238.65288
207.6424
236.2244
178.56433
210.12016
207.51082
208.42558
198.2327
217.4252
200.65369
204.12357
224.1131
215.71992
198.09146
210.74591
276.47592
230.16391
181.58589
220.3687
193.88225
217.55946
237.96974
251.4934
241.65425
243.61244
207.295
176.27647
233.24713
226.04529
259.83875
192.34242
214.58752
199.57857
199.8931
191.00966
227.59512
185.39417
193.47891
162.92429
167.3092
162.5058
219.77422
205.03938
204.22575
202.62888
199.78603
197.62248
170.1132
174.57603
175.77087
201.7575
219.11943
148.04778
187.92151
184.67581
177.54149
179.93076
184.89291
240.05882
188.457
199.58012
195.87595
192.1242
185.65314
172.37123
190.10767
219.60722
187.15735
161.7149
187.80685
185.52501
256.3068
303.35446
274.3339
252.81436
213.8624
300.62045
252.77484
259.38174
282.49265
239.91505
232.62677
215.29874
184.96632
309.9596
323.47067
272.60892
242.90675
273.54355
303.0296
287.4137
235.77205
254.68518
294.86838
241.04907
194.83844
253.39081
215.20213
295.0192
260.1501
278.2072
277.66162
343.19946
245.18266
252.89406
227.24261
279.85867
235.32632
208.15273
201.15317
269.77817
236.34758
229.87685
240.01884
224.67792
229.5555
294.63953
276.68933
271.28793
356.7138
279.21347
237.16049
191.05066
254.8421
252.60318
275.734
200.6254
247.83527
263.3318
220.78714
233.14873
210.37721
228.58253
242.12297
206.01823
313.02975
261.2025
280.45154
289.05408
254.44409
277.78796
236.89262
250.81676
153.2404
271.56345
252.32243
252.12157
247.87572
288.47192
271.6505
247.23802
300.102
274.43616
240.37723
287.3934
246.57796
249.59894
278.63174
236.1732
278.95358
278.99423
250.87918
231.44986
254.88986
221.3907
271.18185
273.3422
358.42053
305.99487
297.9609
273.05096
301.52148
296.7247
245.15779
150.54137
169.50381
168.40712
162.22295
270.29904
158.25677
145.18636
168.00104
169.00049
145.18285
193.86526
163.22348
119.83814
139.99184
163.60017
132.94197
179.3548
126.87593
171.42638
176.21823
226.83647
113.88087
150.52785
144.6338
165.11958
175.1441
154.27818
150.59187
197.5361
